{"pos":[-126.131149,704.601318,84.2292633],"rotationMatrix":[-0.237902805,-0.971288919,0,0.971288919,-0.237902805,0,0,0,1],"scale":1,"type":"italy_rockface_boulder_2"}
{"pos":[-141.290924,707.193542,78.2015991],"rotationMatrix":[-0.957148492,-0.28959766,0,0.28959766,-0.957148492,0,0,0,1],"scale":1,"type":"italy_rockface_boulder_2"}
{"pos":[-148.570084,697.469543,80.1541519],"rotationMatrix":[-0.776515722,-0.630097985,0,0.630097985,-0.776515722,0,0,0,1],"scale":1,"type":"italy_rockface_boulder_2"}
{"pos":[-148.570084,695,81],"rotationMatrix":[-0.449669123,-0.630097985,0.633067369,0.364880711,-0.776515722,-0.513697863,0.815266669,0,0.579085648],"scale":1.91122127,"type":"italy_rockface_boulder_2"}
{"pos":[-156,697,82],"rotationMatrix":[-0.449669123,-0.630097985,0.633067369,0.364880711,-0.776515722,-0.513697863,0.815266669,0,0.579085648],"scale":1.91122127,"type":"italy_rockface_boulder_2"}
{"pos":[-153,687,85],"rotationMatrix":[0.765937328,-0.630097985,0.127733901,-0.621514142,-0.776515722,-0.103648745,0.164496168,0,-0.986377001],"scale":2.18589878,"type":"italy_rockface_boulder_2"}
{"pos":[-150,694,80],"rotationMatrix":[-0.0484874547,-0.77257669,0.633067369,0.720295668,-0.466142297,-0.513697863,0.691970408,0.431087762,0.579085648],"scale":1.91122127,"type":"italy_rockface_boulder_2"}
{"pos":[-149,696,80],"rotationMatrix":[-0.0484874547,-0.77257669,0.633067369,0.720295668,-0.466142297,-0.513697863,0.691970408,0.431087762,0.579085648],"scale":1.91122127,"type":"italy_rockface_boulder_2"}
{"pos":[-146,765,62],"rotationMatrix":[0.693726242,0.720238864,0,-0.720238864,0.693726242,0,0,0,1],"scale":2.03605938,"type":"italy_rockface_boulder_2"}
{"pos":[-147.342819,763.547913,63.3058434],"rotationMatrix":[0.606367648,0.795184493,0,-0.795184493,0.606367648,0,0,0,1],"scale":1,"type":"italy_rockface_boulder_2"}
{"pos":[-124.745911,764.394104,65.8520432],"rotationMatrix":[0.755432308,-0.655226707,0,0.655226707,0.755432308,0,0,0,1],"scale":1,"type":"italy_rockface_boulder_2"}
{"pos":[-134.378052,774,57],"rotationMatrix":[0.951130748,-0.308788359,0,0.308788359,0.951130748,0,0,0,1],"scale":1.14112854,"type":"italy_rockface_boulder_2"}
{"pos":[-120.783096,755.350403,76.6443481],"rotationMatrix":[-0.779791772,-0.626039088,0,0.626039088,-0.779791772,0,0,0,1],"scale":1,"type":"italy_rockface_boulder_2"}
{"pos":[-118.747124,757.943176,76.2397232],"rotationMatrix":[-0.538508713,0.842619896,0,-0.842619896,-0.538508713,0,0,0,1],"scale":1,"type":"italy_rockface_boulder_2"}
{"pos":[-141.574463,799.77478,47.2227097],"rotationMatrix":[-0.492409647,-0.870363474,0,0.870363474,-0.492409647,0,0,0,1],"scale":1.62000132,"type":"italy_rockface_boulder_2"}
{"pos":[-143.289871,808.904663,45.674366],"rotationMatrix":[0.045120351,0.998981476,0,-0.998981476,0.045120351,0,0,0,1],"scale":1,"type":"italy_rockface_boulder_2"}
{"pos":[-148.555313,792.57959,52.6393547],"rotationMatrix":[-0.0601489283,0.99818933,0,-0.99818933,-0.0601489283,0,0,0,1],"scale":1,"type":"italy_rockface_boulder_2"}
{"pos":[-127.19165,756.211792,66],"rotationMatrix":[0.693726242,0.720238864,0,-0.720238864,0.693726242,0,0,0,1],"scale":2.03605938,"type":"italy_rockface_boulder_2"}
{"pos":[-146,762,64],"rotationMatrix":[-0.988150656,0.153484017,0,-0.153484017,-0.988150656,0,0,0,1],"scale":1.47763848,"type":"italy_rockface_boulder_2"}
{"pos":[-130,759,64],"rotationMatrix":[0.693726242,0.720238864,0,-0.720238864,0.693726242,0,0,0,1],"scale":1.0973146,"type":"italy_rockface_boulder_2"}
{"pos":[-132,758,64],"rotationMatrix":[-0.0350528806,0.720238864,-0.69283998,0.0363925211,0.693726242,0.719318748,0.998722494,0,-0.0505284071],"scale":0.860364497,"type":"italy_rockface_boulder_2"}
{"pos":[-130.747833,780.5224,56.894146],"rotationMatrix":[-0.778654933,0.627452195,0,-0.627452195,-0.778654933,0,0,0,1],"scale":1,"type":"italy_rockface_boulder_2"}
{"pos":[-127.122612,791.668091,54.7321587],"rotationMatrix":[-0.834074199,-0.551652431,0,0.551652431,-0.834074199,0,0,0,1],"scale":1,"type":"italy_rockface_boulder_2"}
{"pos":[-141.963043,786.502747,54.0385132],"rotationMatrix":[0.885530055,0.464582175,0,-0.464582175,0.885530055,0,0,0,1],"scale":1,"type":"italy_rockface_boulder_2"}
{"pos":[-131.553726,781.867249,56.1675415],"rotationMatrix":[0.571687937,-0.820471048,0,0.820471048,0.571687937,0,0,0,1],"scale":1,"type":"italy_rockface_boulder_2"}
{"pos":[-136.38768,787.733582,53.1981277],"rotationMatrix":[0.575988889,-0.817457497,0,0.817457497,0.575988889,0,0,0,1],"scale":1,"type":"italy_rockface_boulder_2"}
{"pos":[-146.436813,787.989624,54.4059982],"rotationMatrix":[-0.858359873,-0.513047993,0,0.513047993,-0.858359873,0,0,0,1],"scale":1,"type":"italy_rockface_boulder_2"}
{"pos":[-133.749054,779.186829,56],"rotationMatrix":[0.904614389,-0.426230878,0,0.426230878,0.904614389,0,0,0,1],"scale":1.28903151,"type":"italy_rockface_boulder_2"}
{"pos":[-132.074493,739.155457,71],"rotationMatrix":[-0.988064289,-0.154041946,0,0.154041946,-0.988064289,0,0,0,1],"scale":1,"type":"italy_rockface_boulder_2"}
{"pos":[-153.021088,733.608887,76.9073334],"rotationMatrix":[-0.906755686,-0.421656519,0,0.421656519,-0.906755686,0,0,0,1],"scale":1,"type":"italy_rockface_boulder_2"}
{"pos":[-152.090698,728.613892,75.8166275],"rotationMatrix":[0.928988576,0.370108575,0,-0.370108575,0.928988576,0,0,0,1],"scale":1,"type":"italy_rockface_boulder_2"}
{"pos":[-153.064102,736.83252,76.4015503],"rotationMatrix":[-0.0320707075,-0.999485493,0,0.999485493,-0.0320707075,0,0,0,1],"scale":1,"type":"italy_rockface_boulder_2"}
{"pos":[-128.006912,726.869385,77],"rotationMatrix":[-0.0838246867,0.996480465,0,-0.996480465,-0.0838246867,0,0,0,1],"scale":1,"type":"italy_rockface_boulder_2"}
{"pos":[-140.717468,742.635559,69.5400162],"rotationMatrix":[-0.580916166,-0.813963473,0,0.813963473,-0.580916166,0,0,0,1],"scale":1,"type":"italy_rockface_boulder_2"}
{"pos":[-144.033417,748.536804,68.0664978],"rotationMatrix":[-0.734390259,-0.678727567,0,0.678727567,-0.734390259,0,0,0,1],"scale":1,"type":"italy_rockface_boulder_2"}
{"pos":[-143.891388,726.634888,74.1697159],"rotationMatrix":[-0.779937446,0.625857472,0,-0.625857472,-0.779937446,0,0,0,1],"scale":1,"type":"italy_rockface_boulder_2"}
{"pos":[-133.229172,736.33728,72],"rotationMatrix":[-0.946526349,0.322626412,0,-0.322626412,-0.946526349,0,0,0,1],"scale":1,"type":"italy_rockface_boulder_2"}
{"pos":[-138.013962,739.381775,70.3630676],"rotationMatrix":[-0.801218987,-0.598371148,0,0.598371148,-0.801218987,0,0,0,1],"scale":1,"type":"italy_rockface_boulder_2"}
{"pos":[-155.960373,734.212097,79.6726379],"rotationMatrix":[0.177231088,0.984169245,0,-0.984169245,0.177231088,0,0,0,1],"scale":1,"type":"italy_rockface_boulder_2"}
{"pos":[-149.484695,736.786377,73],"rotationMatrix":[-0.562558174,-0.826757669,0,0.826757669,-0.562558174,0,0,0,1],"scale":1,"type":"italy_rockface_boulder_2"}
{"pos":[-125.784012,731.164673,78],"rotationMatrix":[-0.869353235,0.494191349,0,-0.494191349,-0.869353235,0,0,0,1],"scale":1,"type":"italy_rockface_boulder_2"}
{"pos":[-132.434967,719.566162,76.9739609],"rotationMatrix":[-0.953469396,0.301489741,0,-0.301489741,-0.953469396,0,0,0,1],"scale":1,"type":"italy_rockface_boulder_2"}
{"pos":[-155.653854,737.783875,78.7747421],"rotationMatrix":[-0.715060234,-0.699062765,0,0.699062765,-0.715060234,0,0,0,1],"scale":1,"type":"italy_rockface_boulder_2"}
{"pos":[-143.705673,745.747681,68.9328308],"rotationMatrix":[0.211958349,0.977278709,0,-0.977278709,0.211958349,0,0,0,1],"scale":1,"type":"italy_rockface_boulder_2"}
{"pos":[-140.009125,725.55249,74.0616455],"rotationMatrix":[-0.605550706,0.795806587,0,-0.795806587,-0.605550706,0,0,0,1],"scale":1,"type":"italy_rockface_boulder_2"}
{"pos":[-134.408188,711.536011,77.3651733],"rotationMatrix":[-0.958027661,-0.286676019,0,0.286676019,-0.958027661,0,0,0,1],"scale":1,"type":"italy_rockface_boulder_2"}
{"pos":[-140.908844,718.125732,73.512085],"rotationMatrix":[0.332252681,0.943190455,0,-0.943190455,0.332252681,0,0,0,1],"scale":1,"type":"italy_rockface_boulder_2"}
{"pos":[-140.222214,708.112549,77.9683533],"rotationMatrix":[-0.950538695,-0.310606331,0,0.310606331,-0.950538695,0,0,0,1],"scale":1,"type":"italy_rockface_boulder_2"}
{"pos":[-131.221893,704.633301,79.9813461],"rotationMatrix":[-0.83329922,-0.552822173,0,0.552822173,-0.83329922,0,0,0,1],"scale":1,"type":"italy_rockface_boulder_2"}
{"pos":[-147.39212,719.509827,74.1237488],"rotationMatrix":[0.586773634,0.809751093,0,-0.809751093,0.586773634,0,0,0,1],"scale":1,"type":"italy_rockface_boulder_2"}
{"pos":[-154,711.448975,78.4229889],"rotationMatrix":[0.836545706,-0.547897041,0,0.547897041,0.836545706,0,0,0,1],"scale":1,"type":"italy_rockface_boulder_2"}
{"pos":[-137.925079,706.144165,78.4977264],"rotationMatrix":[0.530124962,0.847919583,0,-0.847919583,0.530124962,0,0,0,1],"scale":1,"type":"italy_rockface_boulder_2"}
{"pos":[-140.336838,695.64502,80.0974731],"rotationMatrix":[0.358275354,0.933616042,0,-0.933616042,0.358275354,0,0,0,1],"scale":1,"type":"italy_rockface_boulder_2"}
{"pos":[-127.028793,723.11554,81.3275146],"rotationMatrix":[-0.928290963,0.371854812,0,-0.371854812,-0.928290963,0,0,0,1],"scale":1,"type":"italy_rockface_boulder_2"}
{"pos":[-130.322968,698.812073,82.7264099],"rotationMatrix":[0.995290041,-0.0969416723,0,0.0969416723,0.995290041,0,0,0,1],"scale":1,"type":"italy_rockface_boulder_2"}
{"pos":[-129.794189,709.141235,79.9892883],"rotationMatrix":[0.907003641,-0.42112273,0,0.42112273,0.907003641,0,0,0,1],"scale":1,"type":"italy_rockface_boulder_2"}
{"pos":[-146.066025,699.319031,79.359375],"rotationMatrix":[-0.989415348,0.145111039,0,-0.145111039,-0.989415348,0,0,0,1],"scale":1,"type":"italy_rockface_boulder_2"}
{"pos":[-127.960144,711.792969,81.6005936],"rotationMatrix":[0.831744313,0.555159092,0,-0.555159092,0.831744313,0,0,0,1],"scale":1,"type":"italy_rockface_boulder_2"}
{"pos":[-145,747,68],"rotationMatrix":[0.208793655,-0.977959037,0,0.977959037,0.208793655,0,0,0,1],"scale":1,"type":"italy_rockface_boulder_2"}
{"pos":[-154,712,78],"rotationMatrix":[0.836545706,-0.547897041,0,0.547897041,0.836545706,0,0,0,1],"scale":1,"type":"italy_rockface_boulder_2"}
{"pos":[-151,736.786377,74],"rotationMatrix":[-0.562558174,-0.826757669,0,0.826757669,-0.562558174,0,0,0,1],"scale":1,"type":"italy_rockface_boulder_2"}
{"pos":[-150,732,75],"rotationMatrix":[0.594460726,0.804123759,0,-0.804123759,0.594460726,0,0,0,1],"scale":1.18759155,"type":"italy_rockface_boulder_2"}
{"pos":[-195.955917,626.621216,107.925232],"rotationMatrix":[-0.0950324237,0.99547416,0,-0.99547416,-0.0950324237,0,0,0,1],"scale":1,"type":"italy_rockface_boulder_2"}
{"pos":[-244.760757,437.491089,230.567413],"rotationMatrix":[-0.530327201,0.847792983,0,-0.847792983,-0.530327201,0,0,0,1],"scale":1,"type":"italy_rockface_boulder_2"}
{"pos":[-253,426.38501,225],"rotationMatrix":[-0.376168966,0.926550984,0,-0.926550984,-0.376168966,0,0,0,1],"scale":1.70175612,"type":"italy_rockface_boulder_2"}
{"pos":[-253,429.743988,226.880402],"rotationMatrix":[-0.865511477,0.500889003,0,-0.500889003,-0.865511477,0,0,0,1],"scale":1,"type":"italy_rockface_boulder_2"}
{"pos":[-290.658325,454.404205,237.780457],"rotationMatrix":[0.866192937,-0.499709636,0,0.499709636,0.866192937,0,0,0,1],"scale":1,"type":"italy_rockface_boulder_2"}
{"pos":[-285.84314,443.463287,238.241272],"rotationMatrix":[-0.0478431508,-0.998854756,0,0.998854756,-0.0478431508,0,0,0,1],"scale":1,"type":"italy_rockface_boulder_2"}
{"pos":[-287.53772,442.727173,237.382553],"rotationMatrix":[-0.52816999,-0.849138737,0,0.849138737,-0.52816999,0,0,0,1],"scale":1,"type":"italy_rockface_boulder_2"}
{"pos":[-268.500946,457.698669,237.260025],"rotationMatrix":[-0.899501801,-0.436917245,0,0.436917245,-0.899501801,0,0,0,1],"scale":1,"type":"italy_rockface_boulder_2"}
{"pos":[-271.178345,458.71698,235.823273],"rotationMatrix":[-0.258641958,0.965973198,0,-0.965973198,-0.258641958,0,0,0,1],"scale":1,"type":"italy_rockface_boulder_2"}
{"pos":[-257.097778,443.143585,233],"rotationMatrix":[-0.992187142,-0.124758624,0,0.124758624,-0.992187142,0,0,0,1],"scale":1.38150632,"type":"italy_rockface_boulder_2"}
{"pos":[-249.966797,453.559509,235.631409],"rotationMatrix":[0.750239134,0.661166728,0,-0.661166728,0.750239134,0,0,0,1],"scale":1,"type":"italy_rockface_boulder_2"}
{"pos":[-336.139526,429.052063,218.206573],"rotationMatrix":[-0.999428451,0.0338052139,0,-0.0338052139,-0.999428451,0,0,0,1],"scale":1,"type":"italy_rockface_boulder_2"}
{"pos":[-336.397217,438.305267,215],"rotationMatrix":[-0.962448359,-0.271464795,0,0.271464795,-0.962448359,0,0,0,1],"scale":1,"type":"italy_rockface_boulder_2"}
{"pos":[-333.708069,434.952393,215],"rotationMatrix":[0.997948706,-0.0640174374,0,0.0640174374,0.997948706,0,0,0,1],"scale":1.37432861,"type":"italy_rockface_boulder_2"}
{"pos":[-302.202393,437.909271,231.831573],"rotationMatrix":[0.696753144,-0.717311025,0,0.717311025,0.696753144,0,0,0,1],"scale":1,"type":"italy_rockface_boulder_2"}
{"pos":[-311.33667,438.030762,227.599564],"rotationMatrix":[-0.442049086,-0.896990776,0,0.896990776,-0.442049086,0,0,0,1],"scale":1,"type":"italy_rockface_boulder_2"}
{"pos":[-307.118134,438.889618,229.595428],"rotationMatrix":[-0.9998945,0.0145202223,0,-0.0145202223,-0.9998945,0,0,0,1],"scale":1,"type":"italy_rockface_boulder_2"}
{"pos":[-304.983612,433.876221,230.423599],"rotationMatrix":[-0.15209505,-0.988365889,0,0.988365889,-0.15209505,0,0,0,1],"scale":1,"type":"italy_rockface_boulder_2"}
{"pos":[-309,440,229],"rotationMatrix":[-0.442049086,-0.896990776,0,0.896990776,-0.442049086,0,0,0,1],"scale":1,"type":"italy_rockface_boulder_2"}
{"pos":[-148.027634,676.173767,86.0633621],"rotationMatrix":[-0.910040975,0.414518416,0,-0.414518416,-0.910040975,0,0,0,1],"scale":1,"type":"italy_rockface_boulder_2"}
{"pos":[-147.159943,667.510498,90.9625397],"rotationMatrix":[-0.562573969,-0.826746941,0,0.826746941,-0.562573969,0,0,0,1],"scale":1,"type":"italy_rockface_boulder_2"}
{"pos":[-143.098328,664.185669,91.1465073],"rotationMatrix":[-0.402565002,-0.915391386,0,0.915391386,-0.402565002,0,0,0,1],"scale":1,"type":"italy_rockface_boulder_2"}
{"pos":[-141.714783,661.403809,91.245697],"rotationMatrix":[-0.991786122,0.127907202,0,-0.127907202,-0.991786122,0,0,0,1],"scale":1,"type":"italy_rockface_boulder_2"}
{"pos":[-142.460236,672.458008,88],"rotationMatrix":[0.240876794,0.970555782,0,-0.970555782,0.240876794,0,0,0,1],"scale":0.672723413,"type":"italy_rockface_boulder_2"}
{"pos":[-148.332397,665.116577,92.0749969],"rotationMatrix":[-0.731575727,0.681760192,0,-0.681760192,-0.731575727,0,0,0,1],"scale":1,"type":"italy_rockface_boulder_2"}
{"pos":[-142.612991,670.105225,89],"rotationMatrix":[0.125679284,-0.989934802,-0.0650675148,0.879103363,0.141524076,-0.455135256,0.459762871,0,0.888041675],"scale":1,"type":"italy_rockface_boulder_2"}
{"pos":[-136.983292,668.510498,92.5622253],"rotationMatrix":[0.83074218,-0.0759172589,0.551456094,0.14876312,0.984903216,-0.0885159299,-0.536411047,0.155570284,0.829494357],"scale":1,"type":"italy_rockface_boulder_2"}
{"pos":[-143.395523,666.201782,91.0808868],"rotationMatrix":[0.541368246,-0.840785623,0,0.840785623,0.541368246,0,0,0,1],"scale":1,"type":"italy_rockface_boulder_2"}
{"pos":[-150.259995,663.052551,92.0681229],"rotationMatrix":[-0.9701581,-0.242473319,0,0.242473319,-0.9701581,0,0,0,1],"scale":1,"type":"italy_rockface_boulder_2"}
{"pos":[-133.328705,673.377441,95.0837021],"rotationMatrix":[0.998776376,0.049454838,0,-0.049454838,0.998776376,0,0,0,1],"scale":1,"type":"italy_rockface_boulder_2"}
{"pos":[-137.907013,675.738464,89.9045486],"rotationMatrix":[-0.120206617,0.992748797,0,-0.992748797,-0.120206617,0,0,0,1],"scale":1,"type":"italy_rockface_boulder_2"}
{"pos":[-141.722977,684.877869,84.8174973],"rotationMatrix":[0.118026286,0.993010402,0,-0.993010402,0.118026286,0,0,0,1],"scale":1,"type":"italy_rockface_boulder_2"}
{"pos":[-144.018219,678.650635,86.1035309],"rotationMatrix":[0.977993608,-0.20863454,0,0.20863454,0.977993608,0,0,0,1],"scale":1,"type":"italy_rockface_boulder_2"}
{"pos":[-133.331635,681.093628,91.0216064],"rotationMatrix":[0.184167847,-0.982894778,0,0.982894778,0.184167847,0,0,0,1],"scale":1,"type":"italy_rockface_boulder_2"}
{"pos":[-145.973785,681.398743,84.9438324],"rotationMatrix":[0.678298473,0.73478657,0,-0.73478657,0.678298473,0,0,0,1],"scale":1,"type":"italy_rockface_boulder_2"}
{"pos":[-155.935989,669.944336,92.0065155],"rotationMatrix":[-0.113755278,0.993508756,0,-0.993508756,-0.113755278,0,0,0,1],"scale":1,"type":"italy_rockface_boulder_2"}
{"pos":[-155.484222,672.77771,89.9286804],"rotationMatrix":[0.540829718,0.841132164,0,-0.841132164,0.540829718,0,0,0,1],"scale":1,"type":"italy_rockface_boulder_2"}
{"pos":[-134,649,98],"rotationMatrix":[0.472106159,0.601646304,-0.644311726,-0.881541848,0.322209239,-0.345058531,0,0.730891824,0.68249321],"scale":1,"type":"italy_rockface_boulder_2"}
{"pos":[-130.299683,640.904724,105.151863],"rotationMatrix":[0.629978418,0.776612759,0,-0.776612759,0.629978418,0,0,0,1],"scale":1,"type":"italy_rockface_boulder_2"}
{"pos":[-142.382767,651.608887,96.6618195],"rotationMatrix":[0.889177263,0.457562923,0,-0.457562923,0.889177263,0,0,0,1],"scale":1,"type":"italy_rockface_boulder_2"}
{"pos":[-143.236801,640.879272,105.578201],"rotationMatrix":[0.665741026,-0.746182859,0,0.746182859,0.665741026,0,0,0,1],"scale":1,"type":"italy_rockface_boulder_2"}
{"pos":[-130.448242,643.257324,103.210709],"rotationMatrix":[-0.994583249,-0.103942573,0,0.103942573,-0.994583249,0,0,0,1],"scale":1,"type":"italy_rockface_boulder_2"}
{"pos":[-130.728973,649.952393,100],"rotationMatrix":[-0.289533257,0.623887777,-0.725902557,-0.231136307,-0.781513989,-0.579492807,-0.928841412,0,0.370477378],"scale":1.47646332,"type":"italy_rockface_boulder_2"}
{"pos":[-140.122406,652.612061,95.5333023],"rotationMatrix":[-0.779154062,-0.626832426,0,0.626832426,-0.779154062,0,0,0,1],"scale":1,"type":"italy_rockface_boulder_2"}
