{"pos":[-133.036819,750.070984,67.4754944],"rotationMatrix":[-0.812795997,-0.582548499,0,0.582548499,-0.812795997,0,0,0,1],"scale":1,"type":"italy_rockface_boulder_3"}
{"pos":[-128.079163,700.32605,84],"rotationMatrix":[-0.5710392,-0.820922732,0,0.820922732,-0.5710392,0,0,0,1],"scale":1,"type":"italy_rockface_boulder_3"}
{"pos":[-134.606125,693.715576,82.886795],"rotationMatrix":[-0.131652251,0.991295934,0,-0.991295934,-0.131652251,0,0,0,1],"scale":1,"type":"italy_rockface_boulder_3"}
{"pos":[-134.148895,689.408813,86.8330231],"rotationMatrix":[0.299524426,0.954088688,0,-0.954088688,0.299524426,0,0,0,1],"scale":1,"type":"italy_rockface_boulder_3"}
{"pos":[-123.058655,699.035095,89.2392044],"rotationMatrix":[0.997852325,0.0655032247,0,-0.0655032247,0.997852325,0,0,0,1],"scale":1,"type":"italy_rockface_boulder_3"}
{"pos":[-139,672,89.2392044],"rotationMatrix":[0.997852325,0.0655032247,0,-0.0655032247,0.997852325,0,0,0,1],"scale":1.77631235,"type":"italy_rockface_boulder_3"}
{"pos":[-135.300858,768.741394,59.6911087],"rotationMatrix":[-0.988415837,-0.151769668,0,0.151769668,-0.988415837,0,0,0,1],"scale":1,"type":"italy_rockface_boulder_3"}
{"pos":[-130.876572,811.328308,46.5558357],"rotationMatrix":[-0.733980715,-0.679170251,0,0.679170251,-0.733980715,0,0,0,1],"scale":1,"type":"italy_rockface_boulder_3"}
{"pos":[-136,807,46],"rotationMatrix":[-0.733980715,-0.679170251,0,0.679170251,-0.733980715,0,0,0,1],"scale":1.52827668,"type":"italy_rockface_boulder_3"}
{"pos":[-127.331741,786.920288,56.0977249],"rotationMatrix":[-0.656218469,-0.754570901,0,0.754570901,-0.656218469,0,0,0,1],"scale":1,"type":"italy_rockface_boulder_3"}
{"pos":[-137.848541,779.109924,56.2061996],"rotationMatrix":[-0.998809338,0.0487838052,0,-0.0487838052,-0.998809338,0,0,0,1],"scale":1,"type":"italy_rockface_boulder_3"}
{"pos":[-145.123978,778.832275,56.9932976],"rotationMatrix":[-0.946740568,-0.321997255,0,0.321997255,-0.946740568,0,0,0,1],"scale":1,"type":"italy_rockface_boulder_3"}
{"pos":[-137.195099,789.421692,51],"rotationMatrix":[-0.599267721,0.800548553,0,-0.800548553,-0.599267721,0,0,0,1],"scale":1.38700259,"type":"italy_rockface_boulder_3"}
{"pos":[-137.216232,798.176758,48.0677185],"rotationMatrix":[0.923064828,-0.384644389,0,0.384644389,0.923064828,0,0,0,1],"scale":1,"type":"italy_rockface_boulder_3"}
{"pos":[-135.215286,784.048889,54.979538],"rotationMatrix":[-0.126812786,-0.99192667,0,0.99192667,-0.126812786,0,0,0,1],"scale":1,"type":"italy_rockface_boulder_3"}
{"pos":[-135.243332,780.739624,55.8248329],"rotationMatrix":[-0.313039422,0.949740052,0,-0.949740052,-0.313039422,0,0,0,1],"scale":1,"type":"italy_rockface_boulder_3"}
{"pos":[-142.282898,792.708008,50.1064262],"rotationMatrix":[-0.818255663,-0.574854612,0,0.574854612,-0.818255663,0,0,0,1],"scale":1,"type":"italy_rockface_boulder_3"}
{"pos":[-140.591293,779.690308,56],"rotationMatrix":[0.0611959137,0.998125792,0,-0.998125792,0.0611959137,0,0,0,1],"scale":1,"type":"italy_rockface_boulder_3"}
{"pos":[-143.029144,782.65387,55.498558],"rotationMatrix":[0.127660632,-0.991817951,0,0.991817951,0.127660632,0,0,0,1],"scale":1,"type":"italy_rockface_boulder_3"}
{"pos":[-145.271561,794.373718,50.2002716],"rotationMatrix":[-0.529458165,0.848335981,0,-0.848335981,-0.529458165,0,0,0,1],"scale":1,"type":"italy_rockface_boulder_3"}
{"pos":[-140,789,52],"rotationMatrix":[-0.262364775,0.590761662,-0.762997389,-0.350487292,-0.795037031,-0.495049804,-0.899067879,0.137537315,0.415644228],"scale":1.38700259,"type":"italy_rockface_boulder_3"}
{"pos":[-139,798.176758,48],"rotationMatrix":[-0.997289777,-0.0735675693,0,0.0735675693,-0.997289777,0,0,0,1],"scale":1,"type":"italy_rockface_boulder_3"}
{"pos":[-139,799,47],"rotationMatrix":[-0.997289777,-0.0735675693,0,0.0735675693,-0.997289777,0,0,0,1],"scale":1,"type":"italy_rockface_boulder_3"}
{"pos":[-141,797,49],"rotationMatrix":[-0.997289777,-0.0735675693,0,0.0735675693,-0.997289777,0,0,0,1],"scale":1,"type":"italy_rockface_boulder_3"}
{"pos":[-126.897377,729.82959,78.2798233],"rotationMatrix":[-0.933765411,0.35788548,0,-0.35788548,-0.933765411,0,0,0,1],"scale":1,"type":"italy_rockface_boulder_3"}
{"pos":[-130.272476,731.644165,74.8895111],"rotationMatrix":[0.281641096,-0.959519804,0,0.959519804,0.281641096,0,0,0,1],"scale":1,"type":"italy_rockface_boulder_3"}
{"pos":[-142.210388,731.142883,73.5641327],"rotationMatrix":[-0.944896817,-0.327368468,0,0.327368468,-0.944896817,0,0,0,1],"scale":1,"type":"italy_rockface_boulder_3"}
{"pos":[-137.897339,719.655884,74.1753769],"rotationMatrix":[0.993680716,-0.112243168,0,0.112243168,0.993680716,0,0,0,1],"scale":1,"type":"italy_rockface_boulder_3"}
{"pos":[-140.203812,729.525208,73],"rotationMatrix":[0.641786575,-0.735729635,0.216360539,0.766883314,0.615714788,-0.181067035,0,0.282129675,0.959376276],"scale":1.27861202,"type":"italy_rockface_boulder_3"}
{"pos":[-139.857605,740.336487,70.3329468],"rotationMatrix":[-0.329395384,0.944192052,0,-0.944192052,-0.329395384,0,0,0,1],"scale":1,"type":"italy_rockface_boulder_3"}
{"pos":[-135.020462,726.244263,74.3578186],"rotationMatrix":[0.701710343,-0.712462366,0,0.712462366,0.701710343,0,0,0,1],"scale":1,"type":"italy_rockface_boulder_3"}
{"pos":[-137,730,73.7086639],"rotationMatrix":[0.999945521,0.0104380772,0,-0.0104380772,0.999945521,0,0,0,1],"scale":1,"type":"italy_rockface_boulder_3"}
{"pos":[-147,747.222778,68.6462555],"rotationMatrix":[-0.013757892,0.00649763923,-0.999884069,8.9395704e-05,0.9999789,0.00649702316,0.999905169,0,-0.0137581825],"scale":1,"type":"italy_rockface_boulder_3"}
{"pos":[-144.966293,744.474487,69.5048141],"rotationMatrix":[-0.794180691,0.607681513,0,-0.607681513,-0.794180691,0,0,0,1],"scale":1,"type":"italy_rockface_boulder_3"}
{"pos":[-154.019028,725.226135,78.2808075],"rotationMatrix":[0.450662255,0.892694592,0,-0.892694592,0.450662255,0,0,0,1],"scale":1,"type":"italy_rockface_boulder_3"}
{"pos":[-134.516022,723.333984,74.8709412],"rotationMatrix":[0.885444224,-0.4647457,0,0.4647457,0.885444224,0,0,0,1],"scale":1,"type":"italy_rockface_boulder_3"}
{"pos":[-149.839645,744.224426,71],"rotationMatrix":[0.796195626,0.605039418,0,-0.605039418,0.796195626,0,0,0,1],"scale":1,"type":"italy_rockface_boulder_3"}
{"pos":[-133.066711,727.831909,74.5260773],"rotationMatrix":[-0.771055579,-0.636767745,0,0.636767745,-0.771055579,0,0,0,1],"scale":1,"type":"italy_rockface_boulder_3"}
{"pos":[-129.473877,722.742737,78.1869888],"rotationMatrix":[0.875922799,0.482451379,0,-0.482451379,0.875922799,0,0,0,1],"scale":1,"type":"italy_rockface_boulder_3"}
{"pos":[-145.143616,734.266174,72.8785934],"rotationMatrix":[0.888209939,-0.459437698,0,0.459437698,0.888209939,0,0,0,1],"scale":1,"type":"italy_rockface_boulder_3"}
{"pos":[-153.775314,729.444702,77.6424408],"rotationMatrix":[0.546386242,-0.837533295,0,0.837533295,0.546386242,0,0,0,1],"scale":1,"type":"italy_rockface_boulder_3"}
{"pos":[-151.480103,718.776672,76.5833893],"rotationMatrix":[0.359930426,0.932979226,0,-0.932979226,0.359930426,0,0,0,1],"scale":1,"type":"italy_rockface_boulder_3"}
{"pos":[-141.057785,722.654419,73.9255524],"rotationMatrix":[0.787161767,-0.616746604,0,0.616746604,0.787161767,0,0,0,1],"scale":1,"type":"italy_rockface_boulder_3"}
{"pos":[-152.81517,720.43811,77.5825653],"rotationMatrix":[0.170218781,0.98540628,0,-0.98540628,0.170218781,0,0,0,1],"scale":1,"type":"italy_rockface_boulder_3"}
{"pos":[-133.381409,709.678772,78.2348633],"rotationMatrix":[0.999283731,-0.0378419831,0,0.0378419831,0.999283731,0,0,0,1],"scale":1,"type":"italy_rockface_boulder_3"}
{"pos":[-146.053619,709.851318,77.3509445],"rotationMatrix":[0.940577686,-0.33957845,0,0.33957845,0.940577686,0,0,0,1],"scale":1,"type":"italy_rockface_boulder_3"}
{"pos":[-137,716,75.1791077],"rotationMatrix":[0.804249167,-0.594292223,0,0.594292223,0.804249167,0,0,0,1],"scale":1,"type":"italy_rockface_boulder_3"}
{"pos":[-128.690948,705.213989,81.4690399],"rotationMatrix":[-0.423053145,0.906104803,0,-0.906104803,-0.423053145,0,0,0,1],"scale":1,"type":"italy_rockface_boulder_3"}
{"pos":[-151.586685,709.511536,77.894516],"rotationMatrix":[0.501104295,-0.865386844,0,0.865386844,0.501104295,0,0,0,1],"scale":1,"type":"italy_rockface_boulder_3"}
{"pos":[-124.869415,715.635376,84.4763641],"rotationMatrix":[-0.950350583,0.311181396,0,-0.311181396,-0.950350583,0,0,0,1],"scale":1,"type":"italy_rockface_boulder_3"}
{"pos":[-138.276123,713.057617,75.8087845],"rotationMatrix":[0.318201452,0.9480232,0,-0.9480232,0.318201452,0,0,0,1],"scale":1,"type":"italy_rockface_boulder_3"}
{"pos":[-143.196625,712.304749,76.0161133],"rotationMatrix":[-0.806006491,-0.591906846,0,0.591906846,-0.806006491,0,0,0,1],"scale":1,"type":"italy_rockface_boulder_3"}
{"pos":[-130.239258,719.688782,78.7365265],"rotationMatrix":[-0.35242638,0.935839534,0,-0.935839534,-0.35242638,0,0,0,1],"scale":1,"type":"italy_rockface_boulder_3"}
{"pos":[-132.163788,714.053711,77.9409485],"rotationMatrix":[0.197154462,0.980372488,0,-0.980372488,0.197154462,0,0,0,1],"scale":1,"type":"italy_rockface_boulder_3"}
{"pos":[-138.332764,718.195129,74.2092896],"rotationMatrix":[-0.999758661,0.0219647791,0,-0.0219647791,-0.999758661,0,0,0,1],"scale":1,"type":"italy_rockface_boulder_3"}
{"pos":[-134.694504,717.410278,75.9030838],"rotationMatrix":[-0.904879332,-0.425668269,0,0.425668269,-0.904879332,0,0,0,1],"scale":1,"type":"italy_rockface_boulder_3"}
{"pos":[-147,746,69],"rotationMatrix":[-0.794180691,0.607681513,0,-0.607681513,-0.794180691,0,0,0,1],"scale":1,"type":"italy_rockface_boulder_3"}
{"pos":[-138,731,73],"rotationMatrix":[0.999945521,0.0104380772,0,-0.0104380772,0.999945521,0,0,0,1],"scale":0.746911645,"type":"italy_rockface_boulder_3"}
{"pos":[-138,717,76],"rotationMatrix":[0.043404758,-0.315544516,-0.947917461,-0.175457105,0.931656897,-0.318165958,0.98352927,0.180128753,-0.0149261951],"scale":1,"type":"italy_rockface_boulder_3"}
{"pos":[-138,718,76],"rotationMatrix":[0.043404758,-0.315544516,-0.947917461,-0.175457105,0.931656897,-0.318165958,0.98352927,0.180128753,-0.0149261951],"scale":1,"type":"italy_rockface_boulder_3"}
{"pos":[-138,719,76],"rotationMatrix":[0.043404758,-0.315544516,-0.947917461,-0.175457105,0.931656897,-0.318165958,0.98352927,0.180128753,-0.0149261951],"scale":1,"type":"italy_rockface_boulder_3"}
{"pos":[-139,720,76],"rotationMatrix":[0.626031458,-0.315544516,-0.713103116,0.0617370307,0.931656897,-0.358054876,0.777349591,0.180128753,0.602727234],"scale":1,"type":"italy_rockface_boulder_3"}
{"pos":[-194.924637,634.434509,104.813492],"rotationMatrix":[-0.954388022,-0.298569322,0,0.298569322,-0.954388022,0,0,0,1],"scale":1,"type":"italy_rockface_boulder_3"}
{"pos":[-140.02504,674.846252,88.345871],"rotationMatrix":[0.844066978,0.536237836,0,-0.536237836,0.844066978,0,0,0,1],"scale":1,"type":"italy_rockface_boulder_3"}
{"pos":[-143.771042,662.858276,91.3382111],"rotationMatrix":[0.987756491,-0.156003058,0,0.156003058,0.987756491,0,0,0,1],"scale":1,"type":"italy_rockface_boulder_3"}
{"pos":[-136.469757,673.325806,92.2672424],"rotationMatrix":[0.487542003,0.873099625,0,-0.873099625,0.487542003,0,0,0,1],"scale":1,"type":"italy_rockface_boulder_3"}
{"pos":[-139.107758,663.66156,91.7644043],"rotationMatrix":[-0.665786147,0.746142626,0,-0.746142626,-0.665786147,0,0,0,1],"scale":1,"type":"italy_rockface_boulder_3"}
{"pos":[-146.279083,671.080444,88.2995834],"rotationMatrix":[0.560443163,-0.82819283,0,0.82819283,0.560443163,0,0,0,1],"scale":1,"type":"italy_rockface_boulder_3"}
{"pos":[-148.178635,674.415466,86.2958755],"rotationMatrix":[0.983809292,-0.179218382,0,0.179218382,0.983809292,0,0,0,1],"scale":1,"type":"italy_rockface_boulder_3"}
{"pos":[-134.846558,679.787781,90.5943222],"rotationMatrix":[0.231902272,0.9727391,0,-0.9727391,0.231902272,0,0,0,1],"scale":1,"type":"italy_rockface_boulder_3"}
{"pos":[-134.340546,672.409851,94.4759445],"rotationMatrix":[0.392970085,-0.919551253,0,0.919551253,0.392970085,0,0,0,1],"scale":1,"type":"italy_rockface_boulder_3"}
{"pos":[-146.739563,674.005676,86.2333679],"rotationMatrix":[0.971482754,-0.237110019,0,0.237110019,0.971482754,0,0,0,1],"scale":1,"type":"italy_rockface_boulder_3"}
{"pos":[-157.569168,671.102905,92.0817947],"rotationMatrix":[-0.780261755,0.625453174,0,-0.625453174,-0.780261755,0,0,0,1],"scale":1,"type":"italy_rockface_boulder_3"}
{"pos":[-148.005249,671.902649,87.7081757],"rotationMatrix":[-0.995448828,-0.0952976048,0,0.0952976048,-0.995448828,0,0,0,1],"scale":1,"type":"italy_rockface_boulder_3"}
{"pos":[-132.315796,650.092529,97.9819031],"rotationMatrix":[-0.480634719,-0.876920819,0,0.876920819,-0.480634719,0,0,0,1],"scale":1,"type":"italy_rockface_boulder_3"}
{"pos":[-144.344604,648.973511,99.9932098],"rotationMatrix":[0.99737668,-0.0723857433,0,0.0723857433,0.99737668,0,0,0,1],"scale":1,"type":"italy_rockface_boulder_3"}
{"pos":[-130.752441,654.469055,100.475769],"rotationMatrix":[-0.999452829,-0.0330763645,0,0.0330763645,-0.999452829,0,0,0,1],"scale":1,"type":"italy_rockface_boulder_3"}
{"pos":[-143.852051,653.378723,96.3417358],"rotationMatrix":[-0.986153722,-0.165834054,0,0.165834054,-0.986153722,0,0,0,1],"scale":1,"type":"italy_rockface_boulder_3"}
{"pos":[-131.875549,657.389404,99.0157318],"rotationMatrix":[0.957757652,-0.287576497,0,0.287576497,0.957757652,0,0,0,1],"scale":1,"type":"italy_rockface_boulder_3"}
{"pos":[-138.070068,643.045349,102.55864],"rotationMatrix":[-0.365609407,-0.930768371,0,0.930768371,-0.365609407,0,0,0,1],"scale":1,"type":"italy_rockface_boulder_3"}
{"pos":[-140.187683,647.459717,100.147896],"rotationMatrix":[0.454811454,-0.890587807,0,0.890587807,0.454811454,0,0,0,1],"scale":1,"type":"italy_rockface_boulder_3"}
{"pos":[-114.304565,592.22998,128.118866],"rotationMatrix":[0.336499393,-0.94168365,0,0.94168365,0.336499393,0,0,0,1],"scale":1,"type":"italy_rockface_boulder_3"}
{"pos":[-117.66951,611.587341,118.568008],"rotationMatrix":[-0.163750216,0.986501813,0,-0.986501813,-0.163750216,0,0,0,1],"scale":1,"type":"italy_rockface_boulder_3"}
{"pos":[-120.243774,605.853638,119.423065],"rotationMatrix":[0.608423412,-0.793612599,0,0.793612599,0.608423412,0,0,0,1],"scale":1,"type":"italy_rockface_boulder_3"}
{"pos":[-129.765793,589.428406,126.670914],"rotationMatrix":[0.904750943,-0.42594099,0,0.42594099,0.904750943,0,0,0,1],"scale":1,"type":"italy_rockface_boulder_3"}
{"pos":[-135.675873,588.534363,126.34214],"rotationMatrix":[0.988835633,0.149010405,0,-0.149010405,0.988835633,0,0,0,1],"scale":1,"type":"italy_rockface_boulder_3"}
{"pos":[-146.305923,597.354492,121.987511],"rotationMatrix":[-0.670877457,0.741568208,0,-0.741568208,-0.670877457,0,0,0,1],"scale":1,"type":"italy_rockface_boulder_3"}
{"pos":[-144.429382,594.501709,123.195755],"rotationMatrix":[-0.409763932,0.91219151,0,-0.91219151,-0.409763932,0,0,0,1],"scale":1,"type":"italy_rockface_boulder_3"}
{"pos":[-148.435272,593.359619,124.670837],"rotationMatrix":[-0.277798921,0.960639179,0,-0.960639179,-0.277798921,0,0,0,1],"scale":1,"type":"italy_rockface_boulder_3"}
{"pos":[-117.78318,591.139282,127.251999],"rotationMatrix":[-0.658595681,-0.752496958,0,0.752496958,-0.658595681,0,0,0,1],"scale":1,"type":"italy_rockface_boulder_3"}
{"pos":[-128.907715,605.185059,119.020874],"rotationMatrix":[0.0310411025,0.999518037,0,-0.999518037,0.0310411025,0,0,0,1],"scale":1,"type":"italy_rockface_boulder_3"}
{"pos":[-133.960251,611.205383,117.146927],"rotationMatrix":[0.21071066,-0.97754842,0,0.97754842,0.21071066,0,0,0,1],"scale":1,"type":"italy_rockface_boulder_3"}
{"pos":[-137.999771,590.840881,125.01857],"rotationMatrix":[0.999015629,0.044358775,0,-0.044358775,0.999015629,0,0,0,1],"scale":1,"type":"italy_rockface_boulder_3"}
{"pos":[-133.609848,620.222961,113.411087],"rotationMatrix":[0.988832414,0.149031624,0,-0.149031624,0.988832414,0,0,0,1],"scale":1,"type":"italy_rockface_boulder_3"}
{"pos":[-118.730209,592.385376,126.229607],"rotationMatrix":[-0.994340301,0.106241889,0,-0.106241889,-0.994340301,0,0,0,1],"scale":1,"type":"italy_rockface_boulder_3"}
{"pos":[-142.522125,603.814087,119.282387],"rotationMatrix":[-0.0122070294,0.999925494,0,-0.999925494,-0.0122070294,0,0,0,1],"scale":1,"type":"italy_rockface_boulder_3"}
{"pos":[-123.437057,612.490112,116.974731],"rotationMatrix":[-0.811671972,-0.584113419,0,0.584113419,-0.811671972,0,0,0,1],"scale":1,"type":"italy_rockface_boulder_3"}
{"pos":[-136.727737,591.871094,124.926758],"rotationMatrix":[0.926930726,0.375232577,0,-0.375232577,0.926930726,0,0,0,1],"scale":1,"type":"italy_rockface_boulder_3"}
{"pos":[-130.017792,596.071594,123.687454],"rotationMatrix":[-0.918139338,0.396257818,0,-0.396257818,-0.918139338,0,0,0,1],"scale":1,"type":"italy_rockface_boulder_3"}
{"pos":[-153.360306,600.484558,123.211533],"rotationMatrix":[-0.153908044,0.988085151,0,-0.988085151,-0.153908044,0,0,0,1],"scale":1,"type":"italy_rockface_boulder_3"}
{"pos":[-138.705597,614.150085,115.72599],"rotationMatrix":[0.0889879093,0.996032655,0,-0.996032655,0.0889879093,0,0,0,1],"scale":1,"type":"italy_rockface_boulder_3"}
{"pos":[-22.5190926,506.722412,174.601685],"rotationMatrix":[-0.994610548,0.103681669,0,-0.103681669,-0.994610548,0,0,0,1],"scale":1,"type":"italy_rockface_boulder_3"}
{"pos":[-27.5910816,515.792236,174.125259],"rotationMatrix":[0.998559713,-0.0536510758,0,0.0536510758,0.998559713,0,0,0,1],"scale":1,"type":"italy_rockface_boulder_3"}
{"pos":[-26.3272362,502.249268,173.613495],"rotationMatrix":[0.936193168,0.351485968,0,-0.351485968,0.936193168,0,0,0,1],"scale":1,"type":"italy_rockface_boulder_3"}
{"pos":[-55.7004929,518.772278,161.472595],"rotationMatrix":[0.986647725,-0.162868842,0,0.162868842,0.986647725,0,0,0,1],"scale":1,"type":"italy_rockface_boulder_3"}
{"pos":[-4.49148369,470.838776,190.338333],"rotationMatrix":[-0.696924448,-0.717144668,0,0.717144668,-0.696924448,0,0,0,1],"scale":1,"type":"italy_rockface_boulder_3"}
{"pos":[4.94707489,479.719299,190.714233],"rotationMatrix":[-0.122730762,0.992439985,0,-0.992439985,-0.122730762,0,0,0,1],"scale":1,"type":"italy_rockface_boulder_3"}
{"pos":[-4.10334158,474.75412,189.336258],"rotationMatrix":[0.678848028,0.734278917,0,-0.734278917,0.678848028,0,0,0,1],"scale":1,"type":"italy_rockface_boulder_3"}
{"pos":[11.6448154,456.658569,199.857269],"rotationMatrix":[0.210518375,-0.977589905,0,0.977589905,0.210518375,0,0,0,1],"scale":1,"type":"italy_rockface_boulder_3"}
{"pos":[-1.93902206,468.036591,192.791519],"rotationMatrix":[0.59442246,0.804153025,0,-0.804153025,0.59442246,0,0,0,1],"scale":1,"type":"italy_rockface_boulder_3"}
{"pos":[7.70281219,464.348419,195.900787],"rotationMatrix":[-0.780504167,0.625150621,0,-0.625150621,-0.780504167,0,0,0,1],"scale":1,"type":"italy_rockface_boulder_3"}
{"pos":[11.3732986,459.228638,198.776871],"rotationMatrix":[0.992061257,-0.125755116,0,0.125755116,0.992061257,0,0,0,1],"scale":1,"type":"italy_rockface_boulder_3"}
{"pos":[-4.8283453,453.188019,199.984436],"rotationMatrix":[0.690111339,-0.723703265,0,0.723703265,0.690111339,0,0,0,1],"scale":1,"type":"italy_rockface_boulder_3"}
{"pos":[11.9375954,466.348328,195.784271],"rotationMatrix":[-0.983133733,-0.182887957,0,0.182887957,-0.983133733,0,0,0,1],"scale":1,"type":"italy_rockface_boulder_3"}
{"pos":[5.79085255,460.043091,197.852173],"rotationMatrix":[0.761760712,-0.647858322,0,0.647858322,0.761760712,0,0,0,1],"scale":1,"type":"italy_rockface_boulder_3"}
{"pos":[0.0460233688,458.700073,197.821335],"rotationMatrix":[0.709251344,0.704955816,0,-0.704955816,0.709251344,0,0,0,1],"scale":1,"type":"italy_rockface_boulder_3"}
{"pos":[4.12981796,461.022644,196.782532],"rotationMatrix":[0.56320107,-0.826319873,0,0.826319873,0.56320107,0,0,0,1],"scale":1,"type":"italy_rockface_boulder_3"}
{"pos":[-1.01787281,451.795624,200.844788],"rotationMatrix":[-0.836269021,0.548319459,0,-0.548319459,-0.836269021,0,0,0,1],"scale":1,"type":"italy_rockface_boulder_3"}
{"pos":[16.2924175,460.845642,199.281891],"rotationMatrix":[-0.190990791,-0.981591821,0,0.981591821,-0.190990791,0,0,0,1],"scale":1,"type":"italy_rockface_boulder_3"}
{"pos":[10.6800175,471.249939,194.146896],"rotationMatrix":[-0.269624859,-0.962965488,0,0.962965488,-0.269624859,0,0,0,1],"scale":1,"type":"italy_rockface_boulder_3"}
{"pos":[2.38995743,460.196777,197.337662],"rotationMatrix":[-0.847195387,0.531281352,0,-0.531281352,-0.847195387,0,0,0,1],"scale":1,"type":"italy_rockface_boulder_3"}
{"pos":[0.239836693,449.113403,203.013702],"rotationMatrix":[-0.99999249,-0.0038649065,0,0.0038649065,-0.99999249,0,0,0,1],"scale":1,"type":"italy_rockface_boulder_3"}
{"pos":[-358.723755,760.074646,55.0007019],"rotationMatrix":[0.460368663,0.887727916,0,-0.887727916,0.460368663,0,0,0,1],"scale":1.12104285,"type":"italy_rockface_boulder_3"}
{"pos":[-360.585388,762.292053,52.4197197],"rotationMatrix":[-0.999183059,-0.0404113457,0,0.0404113457,-0.999183059,0,0,0,1],"scale":1.50191975,"type":"italy_rockface_boulder_3"}
{"pos":[-373.189789,765.084351,47.9320679],"rotationMatrix":[-0.551997304,0.833845794,0,-0.833845794,-0.551997304,0,0,0,1],"scale":1.56588221,"type":"italy_rockface_boulder_3"}
{"pos":[-369.465027,756.272156,59.2855759],"rotationMatrix":[-0.999498427,-0.0316687636,0,0.0316687636,-0.999498427,0,0,0,1],"scale":1.88998008,"type":"italy_rockface_boulder_3"}
{"pos":[-362.384155,768.953613,49.7977943],"rotationMatrix":[-0.656721354,0.754133165,0,-0.754133165,-0.656721354,0,0,0,1],"scale":1.43491948,"type":"italy_rockface_boulder_3"}
{"pos":[-347.30603,756.137024,58.7729988],"rotationMatrix":[0.768206179,-0.640202522,0,0.640202522,0.768206179,0,0,0,1],"scale":1.46525621,"type":"italy_rockface_boulder_3"}
{"pos":[-348.414368,743.42865,61.9129257],"rotationMatrix":[-0.736674905,0.676246941,0,-0.676246941,-0.736674905,0,0,0,1],"scale":1.16770625,"type":"italy_rockface_boulder_3"}
{"pos":[-351.514557,751.464172,57.5787964],"rotationMatrix":[-0.99615109,-0.0876515508,0,0.0876515508,-0.99615109,0,0,0,1],"scale":1.32694459,"type":"italy_rockface_boulder_3"}
{"pos":[-340.154114,739.067261,65.3535461],"rotationMatrix":[0.998182058,-0.0602690987,0,0.0602690987,0.998182058,0,0,0,1],"scale":1.55690563,"type":"italy_rockface_boulder_3"}
{"pos":[-346.061157,731.207642,70.8662567],"rotationMatrix":[-0.999071598,-0.043079067,0,0.043079067,-0.999071598,0,0,0,1],"scale":1.02712429,"type":"italy_rockface_boulder_3"}
{"pos":[-342.808502,743.707703,63.0324211],"rotationMatrix":[0.284648001,-0.958631992,0,0.958631992,0.284648001,0,0,0,1],"scale":1.26152563,"type":"italy_rockface_boulder_3"}
{"pos":[-335.743622,737.970215,69.6735687],"rotationMatrix":[0.939011097,0.343886822,0,-0.343886822,0.939011097,0,0,0,1],"scale":1.28318596,"type":"italy_rockface_boulder_3"}
{"pos":[-344.484772,785.74939,49.6026344],"rotationMatrix":[0.686887741,0.726763606,0,-0.726763606,0.686887741,0,0,0,1],"scale":1.9301765,"type":"italy_rockface_boulder_3"}
{"pos":[-341.831879,783.198181,51.8019447],"rotationMatrix":[0.0284973253,-0.999593854,0,0.999593854,0.0284973253,0,0,0,1],"scale":1.23297906,"type":"italy_rockface_boulder_3"}
{"pos":[-68.0563049,167.848694,363.086792],"rotationMatrix":[0.580622613,0.814172924,0,-0.814172924,0.580622613,0,0,0,1],"scale":1.31068957,"type":"italy_rockface_boulder_3"}
{"pos":[-61.8846741,173.494003,361.212433],"rotationMatrix":[-0.99929142,0.0376358181,0,-0.0376358181,-0.99929142,0,0,0,1],"scale":1.23566544,"type":"italy_rockface_boulder_3"}
{"pos":[-61.4919472,202.035416,357.336487],"rotationMatrix":[-0.750104249,-0.661319733,0,0.661319733,-0.750104249,0,0,0,1],"scale":1.35404468,"type":"italy_rockface_boulder_3"}
{"pos":[-50.3701859,194.431702,347.182373],"rotationMatrix":[-0.997782588,-0.0665574297,0,0.0665574297,-0.997782588,0,0,0,1],"scale":1.63897657,"type":"italy_rockface_boulder_3"}
{"pos":[-53.6409912,183.072464,352.685394],"rotationMatrix":[-0.971170485,-0.238386124,0,0.238386124,-0.971170485,0,0,0,1],"scale":1.07850683,"type":"italy_rockface_boulder_3"}
{"pos":[-64.4867096,165.996201,361.848938],"rotationMatrix":[0.465238541,0.885185421,0,-0.885185421,0.465238541,0,0,0,1],"scale":1.84227705,"type":"italy_rockface_boulder_3"}
{"pos":[-52.7483063,187.354935,350.648712],"rotationMatrix":[0.999859691,0.0167503301,0,-0.0167503301,0.999859691,0,0,0,1],"scale":1.80570436,"type":"italy_rockface_boulder_3"}
{"pos":[-70.0858917,188.624527,360.739075],"rotationMatrix":[0.855276167,0.518172503,0,-0.518172503,0.855276167,0,0,0,1],"scale":1.51213562,"type":"italy_rockface_boulder_3"}
{"pos":[-63.1875763,164.596878,363.063568],"rotationMatrix":[0.384519577,-0.923116803,0,0.923116803,0.384519577,0,0,0,1],"scale":1.48370218,"type":"italy_rockface_boulder_3"}
{"pos":[-39.9762192,197.836716,341.261719],"rotationMatrix":[-0.451644957,0.892197669,0,-0.892197669,-0.451644957,0,0,0,1],"scale":1.44656229,"type":"italy_rockface_boulder_3"}
{"pos":[-41.7967033,182.02063,350.816132],"rotationMatrix":[-0.919747949,-0.392509639,0,0.392509639,-0.919747949,0,0,0,1],"scale":1.11668491,"type":"italy_rockface_boulder_3"}
{"pos":[-47.7622528,195.030029,346.548615],"rotationMatrix":[0.178969532,0.983854651,0,-0.983854651,0.178969532,0,0,0,1],"scale":1.82315457,"type":"italy_rockface_boulder_3"}
{"pos":[-49.8042679,165.851593,362.040009],"rotationMatrix":[-0.879706144,-0.475517929,0,0.475517929,-0.879706144,0,0,0,1],"scale":1.07097983,"type":"italy_rockface_boulder_3"}
{"pos":[-76.2384109,186.240356,366.775848],"rotationMatrix":[0.996882915,0.0788953379,0,-0.0788953379,0.996882915,0,0,0,1],"scale":1.93659759,"type":"italy_rockface_boulder_3"}
{"pos":[-56.429863,162.454193,364.175873],"rotationMatrix":[-0.864848375,-0.502033293,0,0.502033293,-0.864848375,0,0,0,1],"scale":1.99951005,"type":"italy_rockface_boulder_3"}
{"pos":[-34.8375244,173.94725,353.728149],"rotationMatrix":[-0.701948047,-0.712228119,0,0.712228119,-0.701948047,0,0,0,1],"scale":1.68852782,"type":"italy_rockface_boulder_3"}
{"pos":[-72.7540436,182.953308,363.155304],"rotationMatrix":[-0.98996675,0.141300276,0,-0.141300276,-0.98996675,0,0,0,1],"scale":1.15954137,"type":"italy_rockface_boulder_3"}
{"pos":[-68.041893,198.037384,359.923523],"rotationMatrix":[0.946652889,-0.322254837,0,0.322254837,0.946652889,0,0,0,1],"scale":1.25566173,"type":"italy_rockface_boulder_3"}
{"pos":[-59.3663483,204.956543,356.303711],"rotationMatrix":[0.118994527,-0.992894888,0,0.992894888,0.118994527,0,0,0,1],"scale":1.46227551,"type":"italy_rockface_boulder_3"}
{"pos":[-48.5439262,201.407486,346.898712],"rotationMatrix":[-0.580670476,-0.81413877,0,0.81413877,-0.580670476,0,0,0,1],"scale":1.66357327,"type":"italy_rockface_boulder_3"}
{"pos":[-69.8095932,168.343063,363.128784],"rotationMatrix":[0.84925878,0.527976871,0,-0.527976871,0.84925878,0,0,0,1],"scale":1.55392241,"type":"italy_rockface_boulder_3"}
{"pos":[-44.2717476,181.166916,352.435181],"rotationMatrix":[-0.0465735607,-0.998914778,0,0.998914778,-0.0465735607,0,0,0,1],"scale":1.56207919,"type":"italy_rockface_boulder_3"}
{"pos":[-49.2284241,178.258972,353.682465],"rotationMatrix":[0.861177206,0.508304954,0,-0.508304954,0.861177206,0,0,0,1],"scale":1.34061849,"type":"italy_rockface_boulder_3"}
{"pos":[-42.2031479,190.135162,346.352051],"rotationMatrix":[-0.460677743,0.887567401,0,-0.887567401,-0.460677743,0,0,0,1],"scale":1.46604657,"type":"italy_rockface_boulder_3"}
{"pos":[-37.0174332,190.387329,344.715088],"rotationMatrix":[0.978824914,0.204699352,0,-0.204699352,0.978824914,0,0,0,1],"scale":1.81862938,"type":"italy_rockface_boulder_3"}
{"pos":[-51.9344826,182.694351,352.565002],"rotationMatrix":[-0.871845126,0.489781588,0,-0.489781588,-0.871845126,0,0,0,1],"scale":1.05792379,"type":"italy_rockface_boulder_3"}
{"pos":[-47.8039131,179.154678,352.1026],"rotationMatrix":[-0.139708087,-0.990192652,0,0.990192652,-0.139708087,0,0,0,1],"scale":1.08009791,"type":"italy_rockface_boulder_3"}
{"pos":[-43.9013672,186.259705,349.53891],"rotationMatrix":[0.432879776,0.901451766,0,-0.901451766,0.432879776,0,0,0,1],"scale":1.22596049,"type":"italy_rockface_boulder_3"}
{"pos":[-60.0853119,187.184326,353.13205],"rotationMatrix":[-0.990724504,-0.135885686,0,0.135885686,-0.990724504,0,0,0,1],"scale":1.58394408,"type":"italy_rockface_boulder_3"}
{"pos":[-65.0356903,188.251236,356.706329],"rotationMatrix":[0.219402105,0.975634575,0,-0.975634575,0.219402105,0,0,0,1],"scale":1.03239906,"type":"italy_rockface_boulder_3"}
{"pos":[-64.4239655,179.479568,359.452728],"rotationMatrix":[-0.534415781,-0.845221758,0,0.845221758,-0.534415781,0,0,0,1],"scale":1.29432392,"type":"italy_rockface_boulder_3"}
{"pos":[-66.0867386,184.278137,359.318024],"rotationMatrix":[-0.913216233,0.407475412,0,-0.407475412,-0.913216233,0,0,0,1],"scale":1.84499383,"type":"italy_rockface_boulder_3"}
{"pos":[-74.0561218,172.489929,362.765961],"rotationMatrix":[-0.526523471,-0.85016048,0,0.85016048,-0.526523471,0,0,0,1],"scale":1.77768791,"type":"italy_rockface_boulder_3"}
{"pos":[-66.5875168,180.274628,359.112396],"rotationMatrix":[-0.998796821,0.0490395613,0,-0.0490395613,-0.998796821,0,0,0,1],"scale":1.19902468,"type":"italy_rockface_boulder_3"}
{"pos":[-63.6594849,167.777573,362.899017],"rotationMatrix":[-0.776280999,-0.630386949,0,0.630386949,-0.776280999,0,0,0,1],"scale":1.00847697,"type":"italy_rockface_boulder_3"}
{"pos":[-60.988224,167.254044,361.816864],"rotationMatrix":[-0.99660641,0.0823136121,0,-0.0823136121,-0.99660641,0,0,0,1],"scale":1.64099169,"type":"italy_rockface_boulder_3"}
{"pos":[-71.5378876,162.010941,366.365417],"rotationMatrix":[-0.987279534,0.158994257,0,-0.158994257,-0.987279534,0,0,0,1],"scale":1.34149218,"type":"italy_rockface_boulder_3"}
{"pos":[-60.9635239,162.367096,363.021179],"rotationMatrix":[0.0158276465,0.999874711,0,-0.999874711,0.0158276465,0,0,0,1],"scale":1.86906302,"type":"italy_rockface_boulder_3"}
{"pos":[-67.7206726,162.998627,363.87677],"rotationMatrix":[0.0813838691,-0.996682763,0,0.996682763,0.0813838691,0,0,0,1],"scale":1.43466282,"type":"italy_rockface_boulder_3"}
{"pos":[-75.5348969,163.268219,367.928955],"rotationMatrix":[-0.413025111,-0.910719633,0,0.910719633,-0.413025111,0,0,0,1],"scale":1.89454746,"type":"italy_rockface_boulder_3"}
{"pos":[-75.4155884,161.354828,370.257812],"rotationMatrix":[0.977112949,-0.212721065,0,0.212721065,0.977112949,0,0,0,1],"scale":1.24649048,"type":"italy_rockface_boulder_3"}
{"pos":[-60.6807327,157.003738,367.280823],"rotationMatrix":[0.00285497098,-0.999995887,0,0.999995887,0.00285497098,0,0,0,1],"scale":1.05424738,"type":"italy_rockface_boulder_3"}
{"pos":[-78.9286804,152.420166,373.217346],"rotationMatrix":[0.162717953,0.98667264,0,-0.98667264,0.162717953,0,0,0,1],"scale":1.37961984,"type":"italy_rockface_boulder_3"}
{"pos":[-58.2789841,149.013519,373.885559],"rotationMatrix":[0.622134984,-0.78290993,0,0.78290993,0.622134984,0,0,0,1],"scale":1.46168244,"type":"italy_rockface_boulder_3"}
{"pos":[-67.3143921,141.892914,374.810822],"rotationMatrix":[0.399104953,-0.916905165,0,0.916905165,0.399104953,0,0,0,1],"scale":1.70735025,"type":"italy_rockface_boulder_3"}
{"pos":[-74.3707275,154.031433,372.329346],"rotationMatrix":[-0.222872749,0.974847436,0,-0.974847436,-0.222872749,0,0,0,1],"scale":1.47446191,"type":"italy_rockface_boulder_3"}
{"pos":[-61.7227554,145.565872,374.035217],"rotationMatrix":[0.747137487,-0.664669573,0,0.664669573,0.747137487,0,0,0,1],"scale":1.88876247,"type":"italy_rockface_boulder_3"}
{"pos":[-64.3431931,140.843475,380.308075],"rotationMatrix":[-0.561949313,0.827171564,0,-0.827171564,-0.561949313,0,0,0,1],"scale":1.40869212,"type":"italy_rockface_boulder_3"}
{"pos":[-69.2009277,144.951828,372.776001],"rotationMatrix":[0.609817326,-0.792541981,0,0.792541981,0.609817326,0,0,0,1],"scale":1.13334525,"type":"italy_rockface_boulder_3"}
{"pos":[-85.2066727,117.387512,391.494415],"rotationMatrix":[-0.900953472,-0.433915615,0,0.433915615,-0.900953472,0,0,0,1],"scale":1.80470514,"type":"italy_rockface_boulder_3"}
{"pos":[-83.2853394,111.325233,393.716583],"rotationMatrix":[-0.997695267,0.0678523853,0,-0.0678523853,-0.997695267,0,0,0,1],"scale":1.77593493,"type":"italy_rockface_boulder_3"}
{"pos":[-87.590744,116.300629,392.582458],"rotationMatrix":[0.993710995,-0.111974716,0,0.111974716,0.993710995,0,0,0,1],"scale":1.13505387,"type":"italy_rockface_boulder_3"}
{"pos":[-82.0764313,122.304527,389.934113],"rotationMatrix":[0.811363459,-0.584542036,0,0.584542036,0.811363459,0,0,0,1],"scale":1.65899229,"type":"italy_rockface_boulder_3"}
{"pos":[-90.6849747,121.521759,391.081787],"rotationMatrix":[-0.896905184,0.442222714,0,-0.442222714,-0.896905184,0,0,0,1],"scale":1.35465932,"type":"italy_rockface_boulder_3"}
{"pos":[-75.9386063,121.752602,391.858978],"rotationMatrix":[-0.726107538,-0.687581062,0,0.687581062,-0.726107538,0,0,0,1],"scale":1.85451579,"type":"italy_rockface_boulder_3"}
{"pos":[-78.5296783,127.574829,387.166748],"rotationMatrix":[0.998906076,0.0467609689,0,-0.0467609689,0.998906076,0,0,0,1],"scale":1.20756638,"type":"italy_rockface_boulder_3"}
{"pos":[-77.2081833,119.878708,391.880768],"rotationMatrix":[0.139557064,-0.99021399,0,0.99021399,0.139557064,0,0,0,1],"scale":1.0736413,"type":"italy_rockface_boulder_3"}
{"pos":[-98.268364,116.785172,394.476013],"rotationMatrix":[-0.952012777,-0.306058496,0,0.306058496,-0.952012777,0,0,0,1],"scale":1.37223506,"type":"italy_rockface_boulder_3"}
{"pos":[-99.2180939,114.675079,394.542511],"rotationMatrix":[-0.772715092,0.634753048,0,-0.634753048,-0.772715092,0,0,0,1],"scale":1.75660396,"type":"italy_rockface_boulder_3"}
{"pos":[-87.2326355,122.292786,390.042908],"rotationMatrix":[-0.304080099,0.952646375,0,-0.952646375,-0.304080099,0,0,0,1],"scale":1.02192831,"type":"italy_rockface_boulder_3"}
{"pos":[-100.218727,118.045998,394.992767],"rotationMatrix":[0.978775978,0.204933196,0,-0.204933196,0.978775978,0,0,0,1],"scale":1.7526288,"type":"italy_rockface_boulder_3"}
{"pos":[-103.790619,105.643822,401.601929],"rotationMatrix":[-0.916039467,0.401088268,0,-0.401088268,-0.916039467,0,0,0,1],"scale":1.37233186,"type":"italy_rockface_boulder_3"}
{"pos":[-99.4084702,109.369431,398.392548],"rotationMatrix":[-0.453635722,0.891187131,0,-0.891187131,-0.453635722,0,0,0,1],"scale":1.17971158,"type":"italy_rockface_boulder_3"}
{"pos":[-101.830383,102.305344,400],"rotationMatrix":[0.850191772,0.526473224,0,-0.526473224,0.850191772,0,0,0,1],"scale":1.83350599,"type":"italy_rockface_boulder_3"}
{"pos":[-85.0780792,111.188286,395.309723],"rotationMatrix":[0.560918927,0.827870786,0,-0.827870786,0.560918927,0,0,0,1],"scale":1.24522674,"type":"italy_rockface_boulder_3"}
{"pos":[-100.942299,94.8144379,401.97525],"rotationMatrix":[0.885822296,0.464024693,0,-0.464024693,0.885822296,0,0,0,1],"scale":1.55268812,"type":"italy_rockface_boulder_3"}
{"pos":[-90.6695099,87.5900497,414.360596],"rotationMatrix":[0.757220805,-0.653159022,0,0.653159022,0.757220805,0,0,0,1],"scale":1.32312512,"type":"italy_rockface_boulder_3"}
{"pos":[-71.8462448,126.4291,390.201752],"rotationMatrix":[0.86320287,0.504857242,0,-0.504857242,0.86320287,0,0,0,1],"scale":1.53709114,"type":"italy_rockface_boulder_3"}
{"pos":[-64.3144226,131.703613,390.237366],"rotationMatrix":[-0.876711965,-0.481015712,0,0.481015712,-0.876711965,0,0,0,1],"scale":1.3910253,"type":"italy_rockface_boulder_3"}
{"pos":[-89.989975,149.75386,383.504272],"rotationMatrix":[0.982237458,0.187642097,0,-0.187642097,0.982237458,0,0,0,1],"scale":1.78753972,"type":"italy_rockface_boulder_3"}
{"pos":[-81.7721558,158.561935,374.140686],"rotationMatrix":[0.329864323,-0.944028318,0,0.944028318,0.329864323,0,0,0,1],"scale":1.35416913,"type":"italy_rockface_boulder_3"}
{"pos":[-89.0406494,159.044449,382.39679],"rotationMatrix":[0.308186769,-0.951325774,0,0.951325774,0.308186769,0,0,0,1],"scale":1.88506937,"type":"italy_rockface_boulder_3"}
{"pos":[-83.415863,157.750778,375.519501],"rotationMatrix":[0.793861926,-0.60809797,0,0.60809797,0.793861926,0,0,0,1],"scale":1.39348054,"type":"italy_rockface_boulder_3"}
{"pos":[-90.9151382,143.502365,385.809448],"rotationMatrix":[-0.832266569,-0.554375827,0,0.554375827,-0.832266569,0,0,0,1],"scale":1.8612659,"type":"italy_rockface_boulder_3"}
{"pos":[-83.2285156,149.599548,376.032227],"rotationMatrix":[0.31260407,0.94988358,0,-0.94988358,0.31260407,0,0,0,1],"scale":1.63469267,"type":"italy_rockface_boulder_3"}
{"pos":[-89.9185715,147.835587,385.788483],"rotationMatrix":[0.977155268,-0.212526411,0,0.212526411,0.977155268,0,0,0,1],"scale":1.43807089,"type":"italy_rockface_boulder_3"}
{"pos":[-88.477951,152.241852,382.817627],"rotationMatrix":[0.924550056,0.381060749,0,-0.381060749,0.924550056,0,0,0,1],"scale":1.15448332,"type":"italy_rockface_boulder_3"}
{"pos":[-53.9312668,163.023254,363.672119],"rotationMatrix":[-0.720919609,-0.693018794,0,0.693018794,-0.720919609,0,0,0,1],"scale":1.67755795,"type":"italy_rockface_boulder_3"}
{"pos":[-68.2054596,138.48764,379.321564],"rotationMatrix":[-0.74840492,0.663241923,0,-0.663241923,-0.74840492,0,0,0,1],"scale":1.15085554,"type":"italy_rockface_boulder_3"}
{"pos":[-77,138.745773,377],"rotationMatrix":[0.710558593,-0.703638017,0,0.703638017,0.710558593,0,0,0,1],"scale":2.91332746,"type":"italy_rockface_boulder_3"}
{"pos":[-68.8581238,134.723358,383.682404],"rotationMatrix":[0.984448254,0.175674826,0,-0.175674826,0.984448254,0,0,0,1],"scale":1.00805533,"type":"italy_rockface_boulder_3"}
{"pos":[-69.7606888,132.688431,384.015961],"rotationMatrix":[0.566777408,-0.823870957,0,0.823870957,0.566777408,0,0,0,1],"scale":1.48641658,"type":"italy_rockface_boulder_3"}
{"pos":[-84.7048264,136.600708,383.1633],"rotationMatrix":[-0.0657532811,-0.997835815,0,0.997835815,-0.0657532811,0,0,0,1],"scale":1.85013676,"type":"italy_rockface_boulder_3"}
{"pos":[-87.1257248,143.527252,384.016113],"rotationMatrix":[0.481458127,-0.876469016,0,0.876469016,0.481458127,0,0,0,1],"scale":1.05395234,"type":"italy_rockface_boulder_3"}
{"pos":[-104,107,401.039032],"rotationMatrix":[0.850191772,0.526473224,0,-0.526473224,0.850191772,0,0,0,1],"scale":1.83350599,"type":"italy_rockface_boulder_3"}
{"pos":[50.6471863,159.741791,337.254669],"rotationMatrix":[-0.504429519,0.863452792,0,-0.863452792,-0.504429519,0,0,0,1],"scale":1.53317761,"type":"italy_rockface_boulder_3"}
{"pos":[40.719574,148.409668,345.771149],"rotationMatrix":[-0.712098181,-0.702079833,0,0.702079833,-0.712098181,0,0,0,1],"scale":1.72496796,"type":"italy_rockface_boulder_3"}
{"pos":[57.6654129,148.087006,347],"rotationMatrix":[0.829007626,0.559237421,0,-0.559237421,0.829007626,0,0,0,1],"scale":1.95800805,"type":"italy_rockface_boulder_3"}
{"pos":[59.7797661,149.020752,351.431671],"rotationMatrix":[-0.294937074,0.955516636,0,-0.955516636,-0.294937074,0,0,0,1],"scale":1.24399483,"type":"italy_rockface_boulder_3"}
{"pos":[45.290493,172.204697,329.354645],"rotationMatrix":[-0.0730871484,0.99732554,0,-0.99732554,-0.0730871484,0,0,0,1],"scale":1.46119642,"type":"italy_rockface_boulder_3"}
{"pos":[57.264389,167.467392,339.189636],"rotationMatrix":[-0.61746037,0.786601841,0,-0.786601841,-0.61746037,0,0,0,1],"scale":1.0342654,"type":"italy_rockface_boulder_3"}
{"pos":[49.4044533,142.851852,351.72348],"rotationMatrix":[0.531770766,-0.846888244,0,0.846888244,0.531770766,0,0,0,1],"scale":1.33497071,"type":"italy_rockface_boulder_3"}
{"pos":[55.666256,136.986481,354.976013],"rotationMatrix":[-0.568246067,0.822858572,0,-0.822858572,-0.568246067,0,0,0,1],"scale":1.64233434,"type":"italy_rockface_boulder_3"}
{"pos":[44.6760712,137.919846,353.148773],"rotationMatrix":[0.896156728,0.443737745,0,-0.443737745,0.896156728,0,0,0,1],"scale":1.18095565,"type":"italy_rockface_boulder_3"}
{"pos":[43.3266907,120.201668,369.906128],"rotationMatrix":[0.60307008,0.797688246,0,-0.797688246,0.60307008,0,0,0,1],"scale":1.2106241,"type":"italy_rockface_boulder_3"}
{"pos":[53.2980423,130.707855,360.336121],"rotationMatrix":[-0.518574178,0.855032563,0,-0.855032563,-0.518574178,0,0,0,1],"scale":1.51892364,"type":"italy_rockface_boulder_3"}
{"pos":[45.4508667,125.254471,363.571503],"rotationMatrix":[0.77365756,0.63360405,0,-0.63360405,0.77365756,0,0,0,1],"scale":1.4567647,"type":"italy_rockface_boulder_3"}
