{"pos":[-135.241028,681.987671,89.1860657],"rotationMatrix":[-0.97609055,0.217364341,0,-0.217364341,-0.97609055,0,0,0,1],"scale":1,"type":"italy_rockface_boulder_1"}
{"pos":[-141,689,83],"rotationMatrix":[-0.97609055,0.217364341,0,-0.217364341,-0.97609055,0,0,0,1],"scale":1,"type":"italy_rockface_boulder_1"}
{"pos":[-137,689,86],"rotationMatrix":[-0.97609055,0.217364341,0,-0.217364341,-0.97609055,0,0,0,1],"scale":1,"type":"italy_rockface_boulder_1"}
{"pos":[-140,687,84],"rotationMatrix":[0.0881576985,0.217364341,-0.972101092,0.0196317229,-0.97609055,-0.216475934,-0.99591279,0,-0.0903171301],"scale":1.05379844,"type":"italy_rockface_boulder_1"}
{"pos":[-138,689,84],"rotationMatrix":[-0.97609055,0.217364341,0,-0.217364341,-0.97609055,0,0,0,1],"scale":0.683029354,"type":"italy_rockface_boulder_1"}
{"pos":[-140,690,83],"rotationMatrix":[-0.97609055,0.217364341,0,-0.217364341,-0.97609055,0,0,0,1],"scale":0.569058478,"type":"italy_rockface_boulder_1"}
{"pos":[-135.859695,756.405518,64.7337036],"rotationMatrix":[-0.619991183,0.784608603,0,-0.784608603,-0.619991183,0,0,0,1],"scale":1,"type":"italy_rockface_boulder_1"}
{"pos":[-126.450089,759.632996,66.4896545],"rotationMatrix":[-0.71846211,-0.695565999,0,0.695565999,-0.71846211,0,0,0,1],"scale":1,"type":"italy_rockface_boulder_1"}
{"pos":[-140.821869,769.21521,59.4203415],"rotationMatrix":[-0.435668826,-0.900107086,0,0.900107086,-0.435668826,0,0,0,1],"scale":1,"type":"italy_rockface_boulder_1"}
{"pos":[-150.776596,759.867432,66.6790161],"rotationMatrix":[0.927714705,-0.373289853,0,0.373289853,0.927714705,0,0,0,1],"scale":1,"type":"italy_rockface_boulder_1"}
{"pos":[-128,769,61],"rotationMatrix":[-0.844508648,0.535541773,0,-0.535541773,-0.844508648,0,0,0,1],"scale":1,"type":"italy_rockface_boulder_1"}
{"pos":[-126.560921,796.447876,53.6511421],"rotationMatrix":[0.975106001,-0.221738905,0,0.221738905,0.975106001,0,0,0,1],"scale":1,"type":"italy_rockface_boulder_1"}
{"pos":[-148.331894,795.731323,51.0735092],"rotationMatrix":[0.0524253584,0.998624861,0,-0.998624861,0.0524253584,0,0,0,1],"scale":1,"type":"italy_rockface_boulder_1"}
{"pos":[-140.720169,793.93396,49.5994492],"rotationMatrix":[0.855915427,0.517115831,0,-0.517115831,0.855915427,0,0,0,1],"scale":1,"type":"italy_rockface_boulder_1"}
{"pos":[-150.776596,757,68],"rotationMatrix":[0.927714705,-0.373289853,0,0.373289853,0.927714705,0,0,0,1],"scale":1.88462877,"type":"italy_rockface_boulder_1"}
{"pos":[-144,752,66],"rotationMatrix":[0.181242108,-0.373289853,-0.909838259,0.0729274228,0.927714705,-0.366096795,0.980730653,0,0.195364058],"scale":1.88462877,"type":"italy_rockface_boulder_1"}
{"pos":[-150,751,68],"rotationMatrix":[0.912748694,-0.373289853,-0.165963978,0.367267877,0.927714705,-0.0667798519,0.178895414,0,0.983867943],"scale":1.24958515,"type":"italy_rockface_boulder_1"}
{"pos":[-136.748215,786.210144,53.9893112],"rotationMatrix":[0.958511591,-0.285053432,0,0.285053432,0.958511591,0,0,0,1],"scale":1,"type":"italy_rockface_boulder_1"}
{"pos":[-136.527176,783.223145,55.1204758],"rotationMatrix":[-0.273853511,0.961771369,0,-0.961771369,-0.273853511,0,0,0,1],"scale":1,"type":"italy_rockface_boulder_1"}
{"pos":[-136.162659,799.763184,46.9749451],"rotationMatrix":[0.597512126,-0.801859975,0,0.801859975,0.597512126,0,0,0,1],"scale":1,"type":"italy_rockface_boulder_1"}
{"pos":[-134.328613,788.384644,53],"rotationMatrix":[0.411761045,-0.911291778,0,0.911291778,0.411761045,0,0,0,1],"scale":1,"type":"italy_rockface_boulder_1"}
{"pos":[-135.320923,776.637634,56],"rotationMatrix":[0.917642534,0.397406936,0,-0.397406936,0.917642534,0,0,0,1],"scale":1.13633704,"type":"italy_rockface_boulder_1"}
{"pos":[-130.951874,783.224365,56.0533905],"rotationMatrix":[-0.996708035,-0.081073761,0,0.081073761,-0.996708035,0,0,0,1],"scale":1,"type":"italy_rockface_boulder_1"}
{"pos":[-147.358932,785.794128,55.800766],"rotationMatrix":[0.0608570352,0.998146474,0,-0.998146474,0.0608570352,0,0,0,1],"scale":1,"type":"italy_rockface_boulder_1"}
{"pos":[-129.472839,785.352356,55.7843246],"rotationMatrix":[0.795123994,-0.606446922,0,0.606446922,0.795123994,0,0,0,1],"scale":1,"type":"italy_rockface_boulder_1"}
{"pos":[-127.992111,790.022034,54.933094],"rotationMatrix":[-0.999130428,0.0416928902,0,-0.0416928902,-0.999130428,0,0,0,1],"scale":1,"type":"italy_rockface_boulder_1"}
{"pos":[-149,748,68],"rotationMatrix":[0.375688434,-0.373289853,-0.848240733,0.151167899,0.927714705,-0.341311455,0.914333642,0,0.404961169],"scale":1.62100601,"type":"italy_rockface_boulder_1"}
{"pos":[-149.051544,723.736938,74.4716034],"rotationMatrix":[0.435695291,0.900094271,0,-0.900094271,0.435695291,0,0,0,1],"scale":1,"type":"italy_rockface_boulder_1"}
{"pos":[-128.138229,730.913452,76.3564606],"rotationMatrix":[-0.960031569,-0.279891938,0,0.279891938,-0.960031569,0,0,0,1],"scale":1,"type":"italy_rockface_boulder_1"}
{"pos":[-135.855667,746.885742,68.3035583],"rotationMatrix":[0.259924859,0.965628862,0,-0.965628862,0.259924859,0,0,0,1],"scale":1,"type":"italy_rockface_boulder_1"}
{"pos":[-149,742,71],"rotationMatrix":[0.649964929,-0.759964168,0,0.759964168,0.649964929,0,0,0,1],"scale":1,"type":"italy_rockface_boulder_1"}
{"pos":[-142.324554,726.242676,74.1029816],"rotationMatrix":[-0.343147278,-0.939281583,0,0.939281583,-0.343147278,0,0,0,1],"scale":1,"type":"italy_rockface_boulder_1"}
{"pos":[-143.459259,729.427795,74.1255875],"rotationMatrix":[-0.255085677,0.966918409,0,-0.966918409,-0.255085677,0,0,0,1],"scale":1,"type":"italy_rockface_boulder_1"}
{"pos":[-134.001862,718.821472,75],"rotationMatrix":[0.992971838,-0.118350931,0,0.118350931,0.992971838,0,0,0,1],"scale":1,"type":"italy_rockface_boulder_1"}
{"pos":[-135.56192,733.934448,72.8995819],"rotationMatrix":[-0.935344219,0.353738904,0,-0.353738904,-0.935344219,0,0,0,1],"scale":1,"type":"italy_rockface_boulder_1"}
{"pos":[-146.107925,730.085999,74.3186188],"rotationMatrix":[-0.145258948,-0.989393711,0,0.989393711,-0.145258948,0,0,0,1],"scale":1,"type":"italy_rockface_boulder_1"}
{"pos":[-148.843536,721.684998,74.3900375],"rotationMatrix":[0.946750879,-0.321966857,0,0.321966857,0.946750879,0,0,0,1],"scale":1,"type":"italy_rockface_boulder_1"}
{"pos":[-143.808578,732.366882,73.4096069],"rotationMatrix":[-0.974686444,-0.223576084,0,0.223576084,-0.974686444,0,0,0,1],"scale":1,"type":"italy_rockface_boulder_1"}
{"pos":[-154.437729,707.948486,79.5270767],"rotationMatrix":[0.627576113,0.778555274,0,-0.778555274,0.627576113,0,0,0,1],"scale":1,"type":"italy_rockface_boulder_1"}
{"pos":[-131.313034,723.851135,76.1685104],"rotationMatrix":[0.498930126,0.866642356,0,-0.866642356,0.498930126,0,0,0,1],"scale":1,"type":"italy_rockface_boulder_1"}
{"pos":[-123.799927,705.542969,86.5830383],"rotationMatrix":[0.707537234,0.706676185,0,-0.706676185,0.707537234,0,0,0,1],"scale":1,"type":"italy_rockface_boulder_1"}
{"pos":[-155.252411,710.583618,79.6607437],"rotationMatrix":[0.688462973,-0.725271463,0,0.725271463,0.688462973,0,0,0,1],"scale":1,"type":"italy_rockface_boulder_1"}
{"pos":[-148.722153,706.66925,78.4487762],"rotationMatrix":[0.44484064,0.895609796,0,-0.895609796,0.44484064,0,0,0,1],"scale":1,"type":"italy_rockface_boulder_1"}
{"pos":[-144.578506,719.075745,73.4516907],"rotationMatrix":[-0.365582347,-0.93077904,0,0.93077904,-0.365582347,0,0,0,1],"scale":1,"type":"italy_rockface_boulder_1"}
{"pos":[-125.4347,718.979858,83.7603455],"rotationMatrix":[0.808881342,0.587971985,0,-0.587971985,0.808881342,0,0,0,1],"scale":1,"type":"italy_rockface_boulder_1"}
{"pos":[-138.604996,696.775818,80.0667114],"rotationMatrix":[-0.72596395,-0.687732697,0,0.687732697,-0.72596395,0,0,0,1],"scale":1,"type":"italy_rockface_boulder_1"}
{"pos":[-127.537605,718.37854,81.4539948],"rotationMatrix":[-0.596669197,0.802487195,0,-0.802487195,-0.596669197,0,0,0,1],"scale":1,"type":"italy_rockface_boulder_1"}
{"pos":[-136.954773,712.203125,76.3945007],"rotationMatrix":[-0.438808352,0.898580611,0,-0.898580611,-0.438808352,0,0,0,1],"scale":1,"type":"italy_rockface_boulder_1"}
{"pos":[-123.171349,710.119019,85.7488708],"rotationMatrix":[0.0906690881,0.995881081,0,-0.995881081,0.0906690881,0,0,0,1],"scale":1,"type":"italy_rockface_boulder_1"}
{"pos":[-230.735275,422.661285,221.62616],"rotationMatrix":[-0.999997437,0.00223454461,0,-0.00223454461,-0.999997437,0,0,0,1],"scale":1,"type":"italy_rockface_boulder_1"}
{"pos":[-236.440826,432.476837,228.114685],"rotationMatrix":[-0.900359392,0.435146838,0,-0.435146838,-0.900359392,0,0,0,1],"scale":1,"type":"italy_rockface_boulder_1"}
{"pos":[-245.671631,440.529022,232.08194],"rotationMatrix":[0.828494728,-0.559996724,0,0.559996724,0.828494728,0,0,0,1],"scale":1,"type":"italy_rockface_boulder_1"}
{"pos":[-245.954269,417.142242,223],"rotationMatrix":[0.993835151,0.110867821,0,-0.110867821,0.993835151,0,0,0,1],"scale":1.59888935,"type":"italy_rockface_boulder_1"}
{"pos":[-241.616043,423.675842,224],"rotationMatrix":[0.327995598,0.94467932,0,-0.94467932,0.327995598,0,0,0,1],"scale":1,"type":"italy_rockface_boulder_1"}
{"pos":[-231.464432,434.765411,225.748596],"rotationMatrix":[0.619451106,-0.785035312,0,0.785035312,0.619451106,0,0,0,1],"scale":1,"type":"italy_rockface_boulder_1"}
{"pos":[-287.211975,457.269165,234.631165],"rotationMatrix":[-0.978139639,-0.207949385,0,0.207949385,-0.978139639,0,0,0,1],"scale":1,"type":"italy_rockface_boulder_1"}
{"pos":[-280.991547,444.038361,238.556519],"rotationMatrix":[-0.272789836,0.962073565,0,-0.962073565,-0.272789836,0,0,0,1],"scale":1,"type":"italy_rockface_boulder_1"}
{"pos":[-269.044647,459.506104,235.483368],"rotationMatrix":[-0.998512089,-0.0545299388,0,0.0545299388,-0.998512089,0,0,0,1],"scale":1,"type":"italy_rockface_boulder_1"}
{"pos":[-266.375732,456.113007,237],"rotationMatrix":[-0.102874413,0.994694233,0,-0.994694233,-0.102874413,0,0,0,1],"scale":1,"type":"italy_rockface_boulder_1"}
{"pos":[-247.847321,455.425568,234.527802],"rotationMatrix":[0.424338013,0.905503988,0,-0.905503988,0.424338013,0,0,0,1],"scale":1,"type":"italy_rockface_boulder_1"}
{"pos":[-262.469421,442.999084,235],"rotationMatrix":[0.762920439,-0.646492481,0,0.646492481,0.762920439,0,0,0,1],"scale":1,"type":"italy_rockface_boulder_1"}
{"pos":[-269.425049,439.895813,240.889526],"rotationMatrix":[-0.698258579,0.715845644,0,-0.715845644,-0.698258579,0,0,0,1],"scale":1,"type":"italy_rockface_boulder_1"}
{"pos":[-262.415527,449.050049,236],"rotationMatrix":[-0.969988286,0.24315162,0,-0.24315162,-0.969988286,0,0,0,1],"scale":1,"type":"italy_rockface_boulder_1"}
{"pos":[-265.072937,445.891754,236],"rotationMatrix":[0.966025114,-0.258447826,0,0.258447826,0.966025114,0,0,0,1],"scale":1.20987546,"type":"italy_rockface_boulder_1"}
{"pos":[-324.855774,435.499115,220],"rotationMatrix":[0.878338397,-0.478039384,0,0.478039384,0.878338397,0,0,0,1],"scale":1,"type":"italy_rockface_boulder_1"}
{"pos":[-331.746704,439.184418,217.607559],"rotationMatrix":[0.997506082,-0.0705798045,0,0.0705798045,0.997506082,0,0,0,1],"scale":1,"type":"italy_rockface_boulder_1"}
{"pos":[-337.181793,431.940277,216.081879],"rotationMatrix":[-0.8042593,0.594278574,0,-0.594278574,-0.8042593,0,0,0,1],"scale":1,"type":"italy_rockface_boulder_1"}
{"pos":[-304.673737,441.877136,232.042297],"rotationMatrix":[-0.46558094,-0.885005355,0,0.885005355,-0.46558094,0,0,0,1],"scale":1,"type":"italy_rockface_boulder_1"}
{"pos":[-310.632629,430.841003,229.874298],"rotationMatrix":[-0.531599224,0.84699595,0,-0.84699595,-0.531599224,0,0,0,1],"scale":1,"type":"italy_rockface_boulder_1"}
{"pos":[-306.75351,447.04834,232.619156],"rotationMatrix":[0.0496971197,0.998764336,0,-0.998764336,0.0496971197,0,0,0,1],"scale":1,"type":"italy_rockface_boulder_1"}
{"pos":[-144.963242,670.386841,88.9437408],"rotationMatrix":[-0.538569391,-0.842581213,0,0.842581213,-0.538569391,0,0,0,1],"scale":1,"type":"italy_rockface_boulder_1"}
{"pos":[-144.946472,667.336182,90.833847],"rotationMatrix":[0.669902265,-0.742449224,0,0.742449224,0.669902265,0,0,0,1],"scale":1,"type":"italy_rockface_boulder_1"}
{"pos":[-153.239822,665.09137,92.4631424],"rotationMatrix":[0.636528909,0.77125293,0,-0.77125293,0.636528909,0,0,0,1],"scale":1,"type":"italy_rockface_boulder_1"}
{"pos":[-141.67717,666.466553,90],"rotationMatrix":[-0.914899528,-0.403681755,0,0.403681755,-0.914899528,0,0,0,1],"scale":1,"type":"italy_rockface_boulder_1"}
{"pos":[-151.571198,665.610596,92.1976166],"rotationMatrix":[0.155002296,-0.987914085,0,0.987914085,0.155002296,0,0,0,1],"scale":1,"type":"italy_rockface_boulder_1"}
{"pos":[-138.416962,664.924866,92.1534729],"rotationMatrix":[0.970637381,-0.240547329,0,0.240547329,0.970637381,0,0,0,1],"scale":1,"type":"italy_rockface_boulder_1"}
{"pos":[-154.303238,671.161133,90.396286],"rotationMatrix":[-0.354892433,-0.934907198,0,0.934907198,-0.354892433,0,0,0,1],"scale":1,"type":"italy_rockface_boulder_1"}
{"pos":[-150.833496,676.029785,86.1804352],"rotationMatrix":[-0.13657178,-0.99063015,0,0.99063015,-0.13657178,0,0,0,1],"scale":1,"type":"italy_rockface_boulder_1"}
{"pos":[-153.914627,666.589905,92.6156693],"rotationMatrix":[-0.939251184,0.343230367,0,-0.343230367,-0.939251184,0,0,0,1],"scale":1,"type":"italy_rockface_boulder_1"}
{"pos":[-139,679.693359,86.3773346],"rotationMatrix":[-0.996583998,-0.0825850144,0,0.0825850144,-0.996583998,0,0,0,1],"scale":1,"type":"italy_rockface_boulder_1"}
{"pos":[-137.959702,683.250488,86.8637695],"rotationMatrix":[-0.490141571,-0.871642768,0,0.871642768,-0.490141571,0,0,0,1],"scale":1,"type":"italy_rockface_boulder_1"}
{"pos":[-148.327469,680.976624,84.9724121],"rotationMatrix":[-0.395588517,0.918427825,0,-0.918427825,-0.395588517,0,0,0,1],"scale":1,"type":"italy_rockface_boulder_1"}
{"pos":[-142.326752,683.20929,85.3126678],"rotationMatrix":[-0.0344687998,0.999405682,0,-0.999405682,-0.0344687998,0,0,0,1],"scale":1,"type":"italy_rockface_boulder_1"}
{"pos":[-143.964981,680.385986,85.8426132],"rotationMatrix":[-0.721579194,0.69233191,0,-0.69233191,-0.721579194,0,0,0,1],"scale":1,"type":"italy_rockface_boulder_1"}
{"pos":[-142.399429,677.604126,85],"rotationMatrix":[0.866545796,-0.499097437,0,0.499097437,0.866545796,0,0,0,1],"scale":1,"type":"italy_rockface_boulder_1"}
{"pos":[-138.136398,677.282593,89.0270615],"rotationMatrix":[0.971349001,-0.237657472,0,0.237657472,0.971349001,0,0,0,1],"scale":1,"type":"italy_rockface_boulder_1"}
{"pos":[-145.450577,677.954407,86.0625],"rotationMatrix":[-0.907740235,-0.419532627,0,0.419532627,-0.907740235,0,0,0,1],"scale":1,"type":"italy_rockface_boulder_1"}
{"pos":[-133.589569,677.981812,92.6427917],"rotationMatrix":[0.316286385,0.948663831,0,-0.948663831,0.316286385,0,0,0,1],"scale":1,"type":"italy_rockface_boulder_1"}
{"pos":[-153.585587,673.139038,88.560257],"rotationMatrix":[-0.755921602,0.654662013,0,-0.654662013,-0.755921602,0,0,0,1],"scale":1,"type":"italy_rockface_boulder_1"}
{"pos":[-140.954361,655.789124,93.3575287],"rotationMatrix":[0.380473316,-0.924791873,0,0.924791873,0.380473316,0,0,0,1],"scale":1,"type":"italy_rockface_boulder_1"}
{"pos":[-131.371033,652.891357,99.1322174],"rotationMatrix":[0.902573586,0.430535764,0,-0.430535764,0.902573586,0,0,0,1],"scale":1,"type":"italy_rockface_boulder_1"}
{"pos":[-133.352646,653.959778,96.7253418],"rotationMatrix":[0.574479997,0.818518698,0,-0.818518698,0.574479997,0,0,0,1],"scale":1,"type":"italy_rockface_boulder_1"}
{"pos":[-138.214478,652.124512,95],"rotationMatrix":[-0.476899803,-0.878957152,0,0.878957152,-0.476899803,0,0,0,1],"scale":1,"type":"italy_rockface_boulder_1"}
{"pos":[-134.26709,656.756653,95.4449997],"rotationMatrix":[0.987443149,-0.157974541,0,0.157974541,0.987443149,0,0,0,1],"scale":1,"type":"italy_rockface_boulder_1"}
{"pos":[-140.343979,645.511475,101.712059],"rotationMatrix":[0.558701158,-0.829368949,0,0.829368949,0.558701158,0,0,0,1],"scale":1,"type":"italy_rockface_boulder_1"}
{"pos":[-145.238068,647.550964,101.749985],"rotationMatrix":[0.997413456,0.0718767866,0,-0.0718767866,0.997413456,0,0,0,1],"scale":1,"type":"italy_rockface_boulder_1"}
{"pos":[-137.742599,644.842346,101.096222],"rotationMatrix":[-0.198799387,-0.980040193,0,0.980040193,-0.198799387,0,0,0,1],"scale":1,"type":"italy_rockface_boulder_1"}
{"pos":[-138.264282,654.8927,93.5280304],"rotationMatrix":[0.66131258,-0.750110328,0,0.750110328,0.66131258,0,0,0,1],"scale":1,"type":"italy_rockface_boulder_1"}
{"pos":[-140.994705,649.707458,98.1766205],"rotationMatrix":[-0.2754457,-0.961316586,0,0.961316586,-0.2754457,0,0,0,1],"scale":1,"type":"italy_rockface_boulder_1"}
{"pos":[-154,668,92],"rotationMatrix":[-0.354892433,-0.934907198,0,0.934907198,-0.354892433,0,0,0,1],"scale":1,"type":"italy_rockface_boulder_1"}
{"pos":[-121.051819,591.038269,126.07193],"rotationMatrix":[-0.363882273,0.931444883,0,-0.931444883,-0.363882273,0,0,0,1],"scale":1,"type":"italy_rockface_boulder_1"}
{"pos":[-127.825348,610.413086,117.438843],"rotationMatrix":[-0.043307431,-0.999061763,0,0.999061763,-0.043307431,0,0,0,1],"scale":1,"type":"italy_rockface_boulder_1"}
{"pos":[-139.842987,608.063354,118.13353],"rotationMatrix":[-0.99919039,0.0402302295,0,-0.0402302295,-0.99919039,0,0,0,1],"scale":1,"type":"italy_rockface_boulder_1"}
{"pos":[-126.057526,586.221375,127.42395],"rotationMatrix":[-0.819828451,0.572609246,0,-0.572609246,-0.819828451,0,0,0,1],"scale":1,"type":"italy_rockface_boulder_1"}
{"pos":[-127.937332,618.201355,114.598763],"rotationMatrix":[0.967152596,0.254196644,0,-0.254196644,0.967152596,0,0,0,1],"scale":1,"type":"italy_rockface_boulder_1"}
{"pos":[-137.110367,587.034729,126.337463],"rotationMatrix":[0.821758986,-0.569835186,0,0.569835186,0.821758986,0,0,0,1],"scale":1,"type":"italy_rockface_boulder_1"}
{"pos":[-150.266113,608.474487,118.323868],"rotationMatrix":[-0.71161288,0.70257163,0,-0.70257163,-0.71161288,0,0,0,1],"scale":1,"type":"italy_rockface_boulder_1"}
{"pos":[-138.407867,619.939941,113.572403],"rotationMatrix":[-0.295621336,0.955305099,0,-0.955305099,-0.295621336,0,0,0,1],"scale":1,"type":"italy_rockface_boulder_1"}
{"pos":[-126.886398,599.420959,122.166016],"rotationMatrix":[-0.467371404,-0.884061098,0,0.884061098,-0.467371404,0,0,0,1],"scale":1,"type":"italy_rockface_boulder_1"}
{"pos":[-126.499336,594.720093,124.323761],"rotationMatrix":[0.680957198,-0.732323289,0,0.732323289,0.680957198,0,0,0,1],"scale":1,"type":"italy_rockface_boulder_1"}
{"pos":[-141.048447,591.822021,124.038521],"rotationMatrix":[-0.170692071,-0.985324383,0,0.985324383,-0.170692071,0,0,0,1],"scale":1,"type":"italy_rockface_boulder_1"}
{"pos":[-120.549683,588.497742,126.725784],"rotationMatrix":[-0.990816712,0.135211229,0,-0.135211229,-0.990816712,0,0,0,1],"scale":1,"type":"italy_rockface_boulder_1"}
{"pos":[-127.356827,588.842407,127.08934],"rotationMatrix":[0.439330012,-0.898325682,0,0.898325682,0.439330012,0,0,0,1],"scale":1,"type":"italy_rockface_boulder_1"}
{"pos":[-146.205597,603.624023,119.317841],"rotationMatrix":[0.253263444,0.967397392,0,-0.967397392,0.253263444,0,0,0,1],"scale":1,"type":"italy_rockface_boulder_1"}
{"pos":[-116.371048,594.906799,126.709885],"rotationMatrix":[0.205188364,0.978722513,0,-0.978722513,0.205188364,0,0,0,1],"scale":1,"type":"italy_rockface_boulder_1"}
{"pos":[-145.958908,591.612793,124.939659],"rotationMatrix":[0.046782732,-0.998905003,0,0.998905003,0.046782732,0,0,0,1],"scale":1,"type":"italy_rockface_boulder_1"}
{"pos":[-122.960091,606.776123,118.577911],"rotationMatrix":[-0.560844064,0.827921331,0,-0.827921331,-0.560844064,0,0,0,1],"scale":1,"type":"italy_rockface_boulder_1"}
{"pos":[-114.831726,594.151794,127.409103],"rotationMatrix":[-0.90106976,-0.433674157,0,0.433674157,-0.90106976,0,0,0,1],"scale":1,"type":"italy_rockface_boulder_1"}
{"pos":[-149.6194,599.716797,121.285934],"rotationMatrix":[-0.676914454,-0.736061811,0,0.736061811,-0.676914454,0,0,0,1],"scale":1,"type":"italy_rockface_boulder_1"}
{"pos":[-133.306519,594.51947,124.237793],"rotationMatrix":[-0.895404577,0.445253283,0,-0.445253283,-0.895404577,0,0,0,1],"scale":1,"type":"italy_rockface_boulder_1"}
{"pos":[-119.808823,608.121277,118.556862],"rotationMatrix":[0.430763334,0.902464986,0,-0.902464986,0.430763334,0,0,0,1],"scale":1,"type":"italy_rockface_boulder_1"}
{"pos":[-145.006729,592.854248,124.047638],"rotationMatrix":[-0.141710684,0.989908099,0,-0.989908099,-0.141710684,0,0,0,1],"scale":1,"type":"italy_rockface_boulder_1"}
{"pos":[-124.429688,603.189331,120.131378],"rotationMatrix":[0.453814089,0.891096473,0,-0.891096473,0.453814089,0,0,0,1],"scale":1,"type":"italy_rockface_boulder_1"}
{"pos":[-147.127991,599.008728,121.226631],"rotationMatrix":[-0.716446877,-0.697641611,0,0.697641611,-0.716446877,0,0,0,1],"scale":1,"type":"italy_rockface_boulder_1"}
{"pos":[-126.709503,590.34375,126.553162],"rotationMatrix":[0.999606371,0.0280541964,0,-0.0280541964,0.999606371,0,0,0,1],"scale":1,"type":"italy_rockface_boulder_1"}
{"pos":[-137.313751,612.78363,116.331116],"rotationMatrix":[-0.989792824,-0.142513409,0,0.142513409,-0.989792824,0,0,0,1],"scale":1,"type":"italy_rockface_boulder_1"}
{"pos":[-139.665024,617.04364,114.851326],"rotationMatrix":[0.96559757,-0.26004082,0,0.26004082,0.96559757,0,0,0,1],"scale":1,"type":"italy_rockface_boulder_1"}
{"pos":[-126.709366,592.790955,125.152802],"rotationMatrix":[-0.99900502,0.0445967428,0,-0.0445967428,-0.99900502,0,0,0,1],"scale":1,"type":"italy_rockface_boulder_1"}
{"pos":[-131.31337,619.291992,113.718414],"rotationMatrix":[0.71609658,-0.698001206,0,0.698001206,0.71609658,0,0,0,1],"scale":1,"type":"italy_rockface_boulder_1"}
{"pos":[-130.519424,607.064209,118.335724],"rotationMatrix":[0.755784333,-0.654820621,0,0.654820621,0.755784333,0,0,0,1],"scale":1,"type":"italy_rockface_boulder_1"}
{"pos":[-134.309265,583.318665,127.324287],"rotationMatrix":[-0.165301189,-0.986243069,0,0.986243069,-0.165301189,0,0,0,1],"scale":1,"type":"italy_rockface_boulder_1"}
{"pos":[-12.9888077,509.22345,178.840424],"rotationMatrix":[-0.839229465,-0.543777585,0,0.543777585,-0.839229465,0,0,0,1],"scale":1,"type":"italy_rockface_boulder_1"}
{"pos":[-15.7931442,488.728851,181.013],"rotationMatrix":[0.330586761,0.943775654,0,-0.943775654,0.330586761,0,0,0,1],"scale":1,"type":"italy_rockface_boulder_1"}
{"pos":[-32.2390862,513.785645,171.257111],"rotationMatrix":[-0.890773833,0.454446793,0,-0.454446793,-0.890773833,0,0,0,1],"scale":1,"type":"italy_rockface_boulder_1"}
{"pos":[-41.0274544,500.693512,169.884033],"rotationMatrix":[-0.13737379,0.990519226,0,-0.990519226,-0.13737379,0,0,0,1],"scale":1,"type":"italy_rockface_boulder_1"}
{"pos":[-42.9119263,496.372406,169.766174],"rotationMatrix":[0.476973295,0.878917873,0,-0.878917873,0.476973295,0,0,0,1],"scale":1,"type":"italy_rockface_boulder_1"}
{"pos":[-12.1938248,493.527435,180.927643],"rotationMatrix":[-0.938052058,-0.346494436,0,0.346494436,-0.938052058,0,0,0,1],"scale":1,"type":"italy_rockface_boulder_1"}
{"pos":[-36.972908,512.429016,169.478363],"rotationMatrix":[0.999721289,0.0236072689,0,-0.0236072689,0.999721289,0,0,0,1],"scale":1,"type":"italy_rockface_boulder_1"}
{"pos":[-12.5013542,511.852875,179.588226],"rotationMatrix":[0.830446064,-0.557098985,0,0.557098985,0.830446064,0,0,0,1],"scale":1,"type":"italy_rockface_boulder_1"}
{"pos":[-15.0929146,518.526245,185.92157],"rotationMatrix":[-0.981211245,-0.192936435,0,0.192936435,-0.981211245,0,0,0,1],"scale":1,"type":"italy_rockface_boulder_1"}
{"pos":[-37.105011,515.180847,169.829666],"rotationMatrix":[0.715168834,-0.698951662,0,0.698951662,0.715168834,0,0,0,1],"scale":1,"type":"italy_rockface_boulder_1"}
{"pos":[-23.630724,504.554626,174.009918],"rotationMatrix":[-0.565041661,-0.825062454,0,0.825062454,-0.565041661,0,0,0,1],"scale":1,"type":"italy_rockface_boulder_1"}
{"pos":[-49.438446,518.982361,164.840515],"rotationMatrix":[-0.433590323,-0.901110053,0,0.901110053,-0.433590323,0,0,0,1],"scale":1,"type":"italy_rockface_boulder_1"}
{"pos":[-55.3232956,513.321777,162.174347],"rotationMatrix":[-0.991115332,0.133005217,0,-0.133005217,-0.991115332,0,0,0,1],"scale":1,"type":"italy_rockface_boulder_1"}
{"pos":[-49.8835449,517.254211,164.187531],"rotationMatrix":[0.915920913,-0.401358604,0,0.401358604,0.915920913,0,0,0,1],"scale":1,"type":"italy_rockface_boulder_1"}
{"pos":[-62.0277061,503.328217,162.902573],"rotationMatrix":[0.625232935,-0.780438244,0,0.780438244,0.625232935,0,0,0,1],"scale":1,"type":"italy_rockface_boulder_1"}
{"pos":[-52.7237358,518.130188,162.6922],"rotationMatrix":[-0.26837793,0.963313639,0,-0.963313639,-0.26837793,0,0,0,1],"scale":1,"type":"italy_rockface_boulder_1"}
{"pos":[-71.169075,517.196106,155.488525],"rotationMatrix":[0.99951458,0.031152755,0,-0.031152755,0.99951458,0,0,0,1],"scale":1,"type":"italy_rockface_boulder_1"}
{"pos":[-54.1941872,505.107391,163.774414],"rotationMatrix":[0.103825219,0.994595528,0,-0.994595528,0.103825219,0,0,0,1],"scale":1,"type":"italy_rockface_boulder_1"}
{"pos":[-54.8053513,520.267578,161.873993],"rotationMatrix":[-0.631075144,0.77572161,0,-0.77572161,-0.631075144,0,0,0,1],"scale":1,"type":"italy_rockface_boulder_1"}
{"pos":[-50.0329247,513.44574,164.059296],"rotationMatrix":[0.280832529,-0.959756732,0,0.959756732,0.280832529,0,0,0,1],"scale":1,"type":"italy_rockface_boulder_1"}
{"pos":[-61.056282,517.90802,159.783966],"rotationMatrix":[0.560766935,-0.827973723,0,0.827973723,0.560766935,0,0,0,1],"scale":1,"type":"italy_rockface_boulder_1"}
{"pos":[-50.880127,503.482574,165.361816],"rotationMatrix":[-0.995615184,0.0935432687,0,-0.0935432687,-0.995615184,0,0,0,1],"scale":1,"type":"italy_rockface_boulder_1"}
{"pos":[-51.4622421,520.922424,163.898071],"rotationMatrix":[0.517833054,0.855481803,0,-0.855481803,0.517833054,0,0,0,1],"scale":1,"type":"italy_rockface_boulder_1"}
{"pos":[-1.29975319,487.248474,186.394363],"rotationMatrix":[-0.99742204,-0.0717579648,0,0.0717579648,-0.99742204,0,0,0,1],"scale":1,"type":"italy_rockface_boulder_1"}
{"pos":[-6.88334179,468.871399,190.845383],"rotationMatrix":[0.210913882,-0.977504611,0,0.977504611,0.210913882,0,0,0,1],"scale":1,"type":"italy_rockface_boulder_1"}
{"pos":[-5.80523491,471.604462,189.854523],"rotationMatrix":[0.753395796,0.657567441,0,-0.657567441,0.753395796,0,0,0,1],"scale":1,"type":"italy_rockface_boulder_1"}
{"pos":[-10.0700989,477.042145,186.981308],"rotationMatrix":[-0.108077556,0.994142413,0,-0.994142413,-0.108077556,0,0,0,1],"scale":1,"type":"italy_rockface_boulder_1"}
{"pos":[-11.1344175,468.053833,194.357788],"rotationMatrix":[-0.581490457,0.813553095,0,-0.813553095,-0.581490457,0,0,0,1],"scale":1,"type":"italy_rockface_boulder_1"}
{"pos":[-13.7074776,476.631683,185.633743],"rotationMatrix":[0.890224397,0.455522329,0,-0.455522329,0.890224397,0,0,0,1],"scale":1,"type":"italy_rockface_boulder_1"}
{"pos":[-4.07045078,473.1492,189.717377],"rotationMatrix":[-0.872732043,-0.488199443,0,0.488199443,-0.872732043,0,0,0,1],"scale":1,"type":"italy_rockface_boulder_1"}
{"pos":[-4.9859395,463.919434,194.028809],"rotationMatrix":[0.0693405047,0.997592986,0,-0.997592986,0.0693405047,0,0,0,1],"scale":1,"type":"italy_rockface_boulder_1"}
{"pos":[14.5286388,476.414398,194.999084],"rotationMatrix":[-0.926446438,-0.376426846,0,0.376426846,-0.926446438,0,0,0,1],"scale":1,"type":"italy_rockface_boulder_1"}
{"pos":[-2.04731274,470.411652,191.302979],"rotationMatrix":[-0.766827047,-0.641853869,0,0.641853869,-0.766827047,0,0,0,1],"scale":1,"type":"italy_rockface_boulder_1"}
{"pos":[-10.2205553,478.737671,186.359863],"rotationMatrix":[0.813469589,-0.581607401,0,0.581607401,0.813469589,0,0,0,1],"scale":1,"type":"italy_rockface_boulder_1"}
{"pos":[8.35659218,460.482971,198.078537],"rotationMatrix":[-0.907280385,0.420526117,0,-0.420526117,-0.907280385,0,0,0,1],"scale":1,"type":"italy_rockface_boulder_1"}
{"pos":[-1.36889935,462.146545,195.624939],"rotationMatrix":[0.141323462,-0.989963412,0,0.989963412,0.141323462,0,0,0,1],"scale":1,"type":"italy_rockface_boulder_1"}
{"pos":[13.1421795,458.856171,199.272827],"rotationMatrix":[-0.910359919,0.413817257,0,-0.413817257,-0.910359919,0,0,0,1],"scale":1,"type":"italy_rockface_boulder_1"}
{"pos":[7.63382149,462.877991,196.543427],"rotationMatrix":[0.993708551,0.111997046,0,-0.111997046,0.993708551,0,0,0,1],"scale":1,"type":"italy_rockface_boulder_1"}
{"pos":[21.3227482,465.65509,201.401001],"rotationMatrix":[0.925071836,-0.379792124,0,0.379792124,0.925071836,0,0,0,1],"scale":1,"type":"italy_rockface_boulder_1"}
{"pos":[21.2740231,456.761383,203.745667],"rotationMatrix":[-0.850614369,0.525790155,0,-0.525790155,-0.850614369,0,0,0,1],"scale":1,"type":"italy_rockface_boulder_1"}
{"pos":[8.85246468,451.623077,202.979446],"rotationMatrix":[0.765640616,0.643268704,0,-0.643268704,0.765640616,0,0,0,1],"scale":1,"type":"italy_rockface_boulder_1"}
{"pos":[2.55600071,469.90097,192.671265],"rotationMatrix":[0.56707418,0.823666811,0,-0.823666811,0.56707418,0,0,0,1],"scale":1,"type":"italy_rockface_boulder_1"}
{"pos":[-1.6108675,448.339447,203.246674],"rotationMatrix":[-0.924833655,-0.380371898,0,0.380371898,-0.924833655,0,0,0,1],"scale":1,"type":"italy_rockface_boulder_1"}
{"pos":[8.7281208,470.710022,193.478943],"rotationMatrix":[0.927207708,-0.374547422,0,0.374547422,0.927207708,0,0,0,1],"scale":1,"type":"italy_rockface_boulder_1"}
{"pos":[0.0114097595,470.949371,191.404236],"rotationMatrix":[0.0758744627,0.997117341,0,-0.997117341,0.0758744627,0,0,0,1],"scale":1,"type":"italy_rockface_boulder_1"}
{"pos":[-2.56178904,450.201508,201.783264],"rotationMatrix":[-0.00984969083,0.999951422,0,-0.999951422,-0.00984969083,0,0,0,1],"scale":1,"type":"italy_rockface_boulder_1"}
{"pos":[-5.63456535,457.056213,197.190399],"rotationMatrix":[0.787393153,0.616451263,0,-0.616451263,0.787393153,0,0,0,1],"scale":1,"type":"italy_rockface_boulder_1"}
{"pos":[1.03850842,453.40097,200.603394],"rotationMatrix":[0.190720543,-0.981644392,0,0.981644392,0.190720543,0,0,0,1],"scale":1,"type":"italy_rockface_boulder_1"}
{"pos":[-5.24366951,465.840668,193.160248],"rotationMatrix":[0.626586974,-0.779351532,0,0.779351532,0.626586974,0,0,0,1],"scale":1,"type":"italy_rockface_boulder_1"}
{"pos":[-4.30794621,451.535828,200.75827],"rotationMatrix":[-0.0465864204,-0.998914182,0,0.998914182,-0.0465864204,0,0,0,1],"scale":1,"type":"italy_rockface_boulder_1"}
{"pos":[5.26865292,458.429077,198.844452],"rotationMatrix":[-0.491044462,0.87113446,0,-0.87113446,-0.491044462,0,0,0,1],"scale":1,"type":"italy_rockface_boulder_1"}
{"pos":[0.856084824,465.402466,194.707672],"rotationMatrix":[-0.945005059,0.327055693,0,-0.327055693,-0.945005059,0,0,0,1],"scale":1,"type":"italy_rockface_boulder_1"}
{"pos":[1.89449692,448.992798,203.211121],"rotationMatrix":[0.36698848,-0.930225492,0,0.930225492,0.36698848,0,0,0,1],"scale":1,"type":"italy_rockface_boulder_1"}
{"pos":[7.46068954,471.994629,192.818085],"rotationMatrix":[-0.978551507,-0.206002399,0,0.206002399,-0.978551507,0,0,0,1],"scale":1,"type":"italy_rockface_boulder_1"}
{"pos":[10.6241741,450.684357,203.867859],"rotationMatrix":[-0.31681481,-0.948487401,0,0.948487401,-0.31681481,0,0,0,1],"scale":1,"type":"italy_rockface_boulder_1"}
{"pos":[-8.40240574,458.948669,196.856476],"rotationMatrix":[0.997069538,-0.07649941,0,0.07649941,0.997069538,0,0,0,1],"scale":1,"type":"italy_rockface_boulder_1"}
{"pos":[9.97177315,447.772156,205.532791],"rotationMatrix":[-0.246159375,0.969229341,0,-0.969229341,-0.246159375,0,0,0,1],"scale":1,"type":"italy_rockface_boulder_1"}
{"pos":[-6.96445274,461.632965,194.776352],"rotationMatrix":[-0.61576283,0.787931442,0,-0.787931442,-0.61576283,0,0,0,1],"scale":1,"type":"italy_rockface_boulder_1"}
{"pos":[1.14632797,456.519226,199.191132],"rotationMatrix":[0.846286178,-0.532728434,0,0.532728434,0.846286178,0,0,0,1],"scale":1,"type":"italy_rockface_boulder_1"}
{"pos":[1.95634842,462.538452,196.211548],"rotationMatrix":[-0.465945512,-0.884813368,0,0.884813368,-0.465945512,0,0,0,1],"scale":1,"type":"italy_rockface_boulder_1"}
{"pos":[5.54281902,449.3526,203.409729],"rotationMatrix":[0.265452862,0.964123845,0,-0.964123845,0.265452862,0,0,0,1],"scale":1,"type":"italy_rockface_boulder_1"}
{"pos":[-6.26609707,453.894836,199.295929],"rotationMatrix":[-0.990731001,0.135838151,0,-0.135838151,-0.990731001,0,0,0,1],"scale":1,"type":"italy_rockface_boulder_1"}
{"pos":[5.97443962,467.585815,194.483017],"rotationMatrix":[-0.453240067,-0.891388535,0,0.891388535,-0.453240067,0,0,0,1],"scale":1,"type":"italy_rockface_boulder_1"}
{"pos":[14.4368591,459.460266,199.287903],"rotationMatrix":[-0.999997497,0.00222500786,0,-0.00222500786,-0.999997497,0,0,0,1],"scale":1,"type":"italy_rockface_boulder_1"}
{"pos":[0.196558952,450.750336,201.872528],"rotationMatrix":[0.946130753,-0.32378459,0,0.32378459,0.946130753,0,0,0,1],"scale":1,"type":"italy_rockface_boulder_1"}
{"pos":[2.4465456,466.276031,194.571854],"rotationMatrix":[0.237638667,0.97135365,0,-0.97135365,0.237638667,0,0,0,1],"scale":1,"type":"italy_rockface_boulder_1"}
{"pos":[-2.58349752,463.341187,194.734634],"rotationMatrix":[0.304628223,0.952471375,0,-0.952471375,0.304628223,0,0,0,1],"scale":1,"type":"italy_rockface_boulder_1"}
{"pos":[12.5642033,467.729919,195.620499],"rotationMatrix":[0.807715535,-0.58957231,0,0.58957231,0.807715535,0,0,0,1],"scale":1,"type":"italy_rockface_boulder_1"}
{"pos":[-3.84928036,465.333221,193.771606],"rotationMatrix":[0.971735954,0.236070618,0,-0.236070618,0.971735954,0,0,0,1],"scale":1,"type":"italy_rockface_boulder_1"}
{"pos":[3.47044277,448.924225,203.449936],"rotationMatrix":[-0.815544724,0.578694105,0,-0.578694105,-0.815544724,0,0,0,1],"scale":1,"type":"italy_rockface_boulder_1"}
{"pos":[13.4610109,406.577728,221.985641],"rotationMatrix":[0.302694649,0.953087687,0,-0.953087687,0.302694649,0,0,0,1],"scale":1.31457186,"type":"italy_rockface_boulder_1"}
{"pos":[2.60242176,406.271881,221.751221],"rotationMatrix":[-0.0522388406,-0.998634577,0,0.998634577,-0.0522388406,0,0,0,1],"scale":1.41340756,"type":"italy_rockface_boulder_1"}
{"pos":[10.5239286,418.028137,216.781876],"rotationMatrix":[-0.412277609,-0.911058247,0,0.911058247,-0.412277609,0,0,0,1],"scale":1.18519092,"type":"italy_rockface_boulder_1"}
{"pos":[24.8181992,411.853424,221.398788],"rotationMatrix":[-0.885371506,0.464884281,0,-0.464884281,-0.885371506,0,0,0,1],"scale":1.81419849,"type":"italy_rockface_boulder_1"}
{"pos":[21.1602402,407.526611,224.630569],"rotationMatrix":[-0.88097322,0.473166078,0,-0.473166078,-0.88097322,0,0,0,1],"scale":1.21505558,"type":"italy_rockface_boulder_1"}
{"pos":[26.2904205,405.458679,226.488541],"rotationMatrix":[0.853810251,0.520584404,0,-0.520584404,0.853810251,0,0,0,1],"scale":1.72144985,"type":"italy_rockface_boulder_1"}
{"pos":[20.4005604,414.573883,220.54306],"rotationMatrix":[-0.98058188,-0.196109965,0,0.196109965,-0.98058188,0,0,0,1],"scale":1.4102844,"type":"italy_rockface_boulder_1"}
{"pos":[19.2066555,398.642609,228.987473],"rotationMatrix":[-0.682711124,0.730688274,0,-0.730688274,-0.682711124,0,0,0,1],"scale":1.18668842,"type":"italy_rockface_boulder_1"}
{"pos":[11.9665213,413.682617,219.261276],"rotationMatrix":[-0.155419365,-0.98784852,0,0.98784852,-0.155419365,0,0,0,1],"scale":1.24777508,"type":"italy_rockface_boulder_1"}
{"pos":[14.5233717,411.676117,219.674927],"rotationMatrix":[-0.886375427,0.462967366,0,-0.462967366,-0.886375427,0,0,0,1],"scale":1.8114109,"type":"italy_rockface_boulder_1"}
{"pos":[16.3167114,402.340912,223.712509],"rotationMatrix":[-0.560906053,0.827879369,0,-0.827879369,-0.560906053,0,0,0,1],"scale":1.36616302,"type":"italy_rockface_boulder_1"}
{"pos":[19.6889,403.709473,223.836044],"rotationMatrix":[-0.978179157,-0.207763046,0,0.207763046,-0.978179157,0,0,0,1],"scale":1.66746616,"type":"italy_rockface_boulder_1"}
{"pos":[12.043375,405.370087,224.173782],"rotationMatrix":[0.99748683,0.0708513483,0,-0.0708513483,0.99748683,0,0,0,1],"scale":1.30361152,"type":"italy_rockface_boulder_1"}
{"pos":[5.69188499,405.867157,222.49472],"rotationMatrix":[-0.909358203,-0.416013926,0,0.416013926,-0.909358203,0,0,0,1],"scale":1.31061244,"type":"italy_rockface_boulder_1"}
{"pos":[10.0397539,405.505127,221.448212],"rotationMatrix":[0.98671633,-0.162452504,0,0.162452504,0.98671633,0,0,0,1],"scale":1.81551886,"type":"italy_rockface_boulder_1"}
{"pos":[15.0768976,414.779907,217.530121],"rotationMatrix":[-0.886398554,-0.462922812,0,0.462922812,-0.886398554,0,0,0,1],"scale":1.7620306,"type":"italy_rockface_boulder_1"}
{"pos":[6.6681366,413.745239,218.639328],"rotationMatrix":[-0.749402165,0.662114918,0,-0.662114918,-0.749402165,0,0,0,1],"scale":1.85390687,"type":"italy_rockface_boulder_1"}
{"pos":[16.9870949,419.485565,215.484146],"rotationMatrix":[-0.1768924,-0.984230161,0,0.984230161,-0.1768924,0,0,0,1],"scale":1.42643619,"type":"italy_rockface_boulder_1"}
{"pos":[20.7532082,416.552612,220.472214],"rotationMatrix":[0.3592363,-0.933246613,0,0.933246613,0.3592363,0,0,0,1],"scale":1.45109916,"type":"italy_rockface_boulder_1"}
{"pos":[15.9258165,407.564911,222.085114],"rotationMatrix":[0.779563308,0.626323581,0,-0.626323581,0.779563308,0,0,0,1],"scale":1.4870019,"type":"italy_rockface_boulder_1"}
{"pos":[19.118433,415.880219,219.396454],"rotationMatrix":[-0.657424092,-0.753520727,0,0.753520727,-0.657424092,0,0,0,1],"scale":1.29229045,"type":"italy_rockface_boulder_1"}
{"pos":[24.3538342,407.254181,225.748398],"rotationMatrix":[0.538696229,0.84250015,0,-0.84250015,0.538696229,0,0,0,1],"scale":1.66403365,"type":"italy_rockface_boulder_1"}
{"pos":[9.95169735,403.112915,223.855972],"rotationMatrix":[-0.179206595,-0.983811438,0,0.983811438,-0.179206595,0,0,0,1],"scale":1.27010417,"type":"italy_rockface_boulder_1"}
{"pos":[14.0971298,417.409576,217.065399],"rotationMatrix":[-0.208863154,0.977944851,0,-0.977944851,-0.208863154,0,0,0,1],"scale":1.55057776,"type":"italy_rockface_boulder_1"}
{"pos":[18.8743019,406.344086,224.928131],"rotationMatrix":[0.976714313,0.214544028,0,-0.214544028,0.976714313,0,0,0,1],"scale":1.91703379,"type":"italy_rockface_boulder_1"}
{"pos":[18.1566696,409.06723,220.950272],"rotationMatrix":[0.364489198,-0.931207538,0,0.931207538,0.364489198,0,0,0,1],"scale":1.93998432,"type":"italy_rockface_boulder_1"}
{"pos":[21.9622345,395.251831,227.938721],"rotationMatrix":[0.970052361,-0.242895752,0,0.242895752,0.970052361,0,0,0,1],"scale":1.5216341,"type":"italy_rockface_boulder_1"}
{"pos":[3.06321049,396.314758,231.754181],"rotationMatrix":[-0.784088314,0.620649099,0,-0.620649099,-0.784088314,0,0,0,1],"scale":1.24923897,"type":"italy_rockface_boulder_1"}
{"pos":[22.0454712,402.192413,228.281982],"rotationMatrix":[0.983460426,0.181123033,0,-0.181123033,0.983460426,0,0,0,1],"scale":1.2525456,"type":"italy_rockface_boulder_1"}
{"pos":[7.9000597,402.237854,222.320938],"rotationMatrix":[0.911096334,-0.412193328,0,0.412193328,0.911096334,0,0,0,1],"scale":1.38781953,"type":"italy_rockface_boulder_1"}
{"pos":[25.1804543,398.836823,230.121338],"rotationMatrix":[-0.999408126,0.0343992449,0,-0.0343992449,-0.999408126,0,0,0,1],"scale":1.06718254,"type":"italy_rockface_boulder_1"}
{"pos":[22.7543335,397.038635,230.056671],"rotationMatrix":[-0.0590227582,-0.998256564,0,0.998256564,-0.0590227582,0,0,0,1],"scale":1.58943605,"type":"italy_rockface_boulder_1"}
{"pos":[18.6548576,401.145538,228.256027],"rotationMatrix":[0.107335247,-0.994222879,0,0.994222879,0.107335247,0,0,0,1],"scale":1.39528775,"type":"italy_rockface_boulder_1"}
{"pos":[20.5718117,400.351501,228.032135],"rotationMatrix":[-0.197507516,0.980301321,0,-0.980301321,-0.197507516,0,0,0,1],"scale":1.77126098,"type":"italy_rockface_boulder_1"}
{"pos":[6.5666604,408.802704,219.274643],"rotationMatrix":[-0.224376276,-0.974502563,0,0.974502563,-0.224376276,0,0,0,1],"scale":1.59250712,"type":"italy_rockface_boulder_1"}
{"pos":[15.2119246,390.771118,232.357437],"rotationMatrix":[-0.885935247,0.463809073,0,-0.463809073,-0.885935247,0,0,0,1],"scale":1.03052938,"type":"italy_rockface_boulder_1"}
{"pos":[16.3899956,412.601044,222.675735],"rotationMatrix":[0.110693745,-0.993854523,0,0.993854523,0.110693745,0,0,0,1],"scale":1.16451395,"type":"italy_rockface_boulder_1"}
{"pos":[9.16104412,396.621307,229.806778],"rotationMatrix":[-0.0989772007,0.99508965,0,-0.99508965,-0.0989772007,0,0,0,1],"scale":1.87808287,"type":"italy_rockface_boulder_1"}
