{"pos":[-133.036819,750.070984,67.4754944],"rotationMatrix":[-0.812795997,-0.582548499,0,0.582548499,-0.812795997,0,0,0,1],"scale":1,"type":"italy_rockface_boulder_3"}
{"pos":[-128.079163,700.32605,84],"rotationMatrix":[-0.5710392,-0.820922732,0,0.820922732,-0.5710392,0,0,0,1],"scale":1,"type":"italy_rockface_boulder_3"}
{"pos":[-134.606125,693.715576,82.886795],"rotationMatrix":[-0.131652251,0.991295934,0,-0.991295934,-0.131652251,0,0,0,1],"scale":1,"type":"italy_rockface_boulder_3"}
{"pos":[-134.148895,689.408813,86.8330231],"rotationMatrix":[0.299524426,0.954088688,0,-0.954088688,0.299524426,0,0,0,1],"scale":1,"type":"italy_rockface_boulder_3"}
{"pos":[-123.058655,699.035095,89.2392044],"rotationMatrix":[0.997852325,0.0655032247,0,-0.0655032247,0.997852325,0,0,0,1],"scale":1,"type":"italy_rockface_boulder_3"}
{"pos":[-139,672,89.2392044],"rotationMatrix":[0.997852325,0.0655032247,0,-0.0655032247,0.997852325,0,0,0,1],"scale":1.77631235,"type":"italy_rockface_boulder_3"}
{"pos":[-135.300858,768.741394,59.6911087],"rotationMatrix":[-0.988415837,-0.151769668,0,0.151769668,-0.988415837,0,0,0,1],"scale":1,"type":"italy_rockface_boulder_3"}
{"pos":[-130.876572,811.328308,46.5558357],"rotationMatrix":[-0.733980715,-0.679170251,0,0.679170251,-0.733980715,0,0,0,1],"scale":1,"type":"italy_rockface_boulder_3"}
{"pos":[-136,807,46],"rotationMatrix":[-0.733980715,-0.679170251,0,0.679170251,-0.733980715,0,0,0,1],"scale":1.52827668,"type":"italy_rockface_boulder_3"}
{"pos":[-127.331741,786.920288,56.0977249],"rotationMatrix":[-0.656218469,-0.754570901,0,0.754570901,-0.656218469,0,0,0,1],"scale":1,"type":"italy_rockface_boulder_3"}
{"pos":[-137.848541,779.109924,56.2061996],"rotationMatrix":[-0.998809338,0.0487838052,0,-0.0487838052,-0.998809338,0,0,0,1],"scale":1,"type":"italy_rockface_boulder_3"}
{"pos":[-145.123978,778.832275,56.9932976],"rotationMatrix":[-0.946740568,-0.321997255,0,0.321997255,-0.946740568,0,0,0,1],"scale":1,"type":"italy_rockface_boulder_3"}
{"pos":[-137.195099,789.421692,51],"rotationMatrix":[-0.599267721,0.800548553,0,-0.800548553,-0.599267721,0,0,0,1],"scale":1.38700259,"type":"italy_rockface_boulder_3"}
{"pos":[-137.216232,798.176758,48.0677185],"rotationMatrix":[0.923064828,-0.384644389,0,0.384644389,0.923064828,0,0,0,1],"scale":1,"type":"italy_rockface_boulder_3"}
{"pos":[-135.215286,784.048889,54.979538],"rotationMatrix":[-0.126812786,-0.99192667,0,0.99192667,-0.126812786,0,0,0,1],"scale":1,"type":"italy_rockface_boulder_3"}
{"pos":[-135.243332,780.739624,55.8248329],"rotationMatrix":[-0.313039422,0.949740052,0,-0.949740052,-0.313039422,0,0,0,1],"scale":1,"type":"italy_rockface_boulder_3"}
{"pos":[-142.282898,792.708008,50.1064262],"rotationMatrix":[-0.818255663,-0.574854612,0,0.574854612,-0.818255663,0,0,0,1],"scale":1,"type":"italy_rockface_boulder_3"}
{"pos":[-140.591293,779.690308,56],"rotationMatrix":[0.0611959137,0.998125792,0,-0.998125792,0.0611959137,0,0,0,1],"scale":1,"type":"italy_rockface_boulder_3"}
{"pos":[-143.029144,782.65387,55.498558],"rotationMatrix":[0.127660632,-0.991817951,0,0.991817951,0.127660632,0,0,0,1],"scale":1,"type":"italy_rockface_boulder_3"}
{"pos":[-145.271561,794.373718,50.2002716],"rotationMatrix":[-0.529458165,0.848335981,0,-0.848335981,-0.529458165,0,0,0,1],"scale":1,"type":"italy_rockface_boulder_3"}
{"pos":[-140,789,52],"rotationMatrix":[-0.262364775,0.590761662,-0.762997389,-0.350487292,-0.795037031,-0.495049804,-0.899067879,0.137537315,0.415644228],"scale":1.38700259,"type":"italy_rockface_boulder_3"}
{"pos":[-139,798.176758,48],"rotationMatrix":[-0.997289777,-0.0735675693,0,0.0735675693,-0.997289777,0,0,0,1],"scale":1,"type":"italy_rockface_boulder_3"}
{"pos":[-139,799,47],"rotationMatrix":[-0.997289777,-0.0735675693,0,0.0735675693,-0.997289777,0,0,0,1],"scale":1,"type":"italy_rockface_boulder_3"}
{"pos":[-141,797,49],"rotationMatrix":[-0.997289777,-0.0735675693,0,0.0735675693,-0.997289777,0,0,0,1],"scale":1,"type":"italy_rockface_boulder_3"}
{"pos":[-126.897377,729.82959,78.2798233],"rotationMatrix":[-0.933765411,0.35788548,0,-0.35788548,-0.933765411,0,0,0,1],"scale":1,"type":"italy_rockface_boulder_3"}
{"pos":[-130.272476,731.644165,74.8895111],"rotationMatrix":[0.281641096,-0.959519804,0,0.959519804,0.281641096,0,0,0,1],"scale":1,"type":"italy_rockface_boulder_3"}
{"pos":[-142.210388,731.142883,73.5641327],"rotationMatrix":[-0.944896817,-0.327368468,0,0.327368468,-0.944896817,0,0,0,1],"scale":1,"type":"italy_rockface_boulder_3"}
{"pos":[-137.897339,719.655884,74.1753769],"rotationMatrix":[0.993680716,-0.112243168,0,0.112243168,0.993680716,0,0,0,1],"scale":1,"type":"italy_rockface_boulder_3"}
{"pos":[-140.203812,729.525208,73],"rotationMatrix":[0.641786575,-0.735729635,0.216360539,0.766883314,0.615714788,-0.181067035,0,0.282129675,0.959376276],"scale":1.27861202,"type":"italy_rockface_boulder_3"}
{"pos":[-139.857605,740.336487,70.3329468],"rotationMatrix":[-0.329395384,0.944192052,0,-0.944192052,-0.329395384,0,0,0,1],"scale":1,"type":"italy_rockface_boulder_3"}
{"pos":[-135.020462,726.244263,74.3578186],"rotationMatrix":[0.701710343,-0.712462366,0,0.712462366,0.701710343,0,0,0,1],"scale":1,"type":"italy_rockface_boulder_3"}
{"pos":[-137,730,73.7086639],"rotationMatrix":[0.999945521,0.0104380772,0,-0.0104380772,0.999945521,0,0,0,1],"scale":1,"type":"italy_rockface_boulder_3"}
{"pos":[-147,747.222778,68.6462555],"rotationMatrix":[-0.013757892,0.00649763923,-0.999884069,8.9395704e-05,0.9999789,0.00649702316,0.999905169,0,-0.0137581825],"scale":1,"type":"italy_rockface_boulder_3"}
{"pos":[-144.966293,744.474487,69.5048141],"rotationMatrix":[-0.794180691,0.607681513,0,-0.607681513,-0.794180691,0,0,0,1],"scale":1,"type":"italy_rockface_boulder_3"}
{"pos":[-154.019028,725.226135,78.2808075],"rotationMatrix":[0.450662255,0.892694592,0,-0.892694592,0.450662255,0,0,0,1],"scale":1,"type":"italy_rockface_boulder_3"}
{"pos":[-134.516022,723.333984,74.8709412],"rotationMatrix":[0.885444224,-0.4647457,0,0.4647457,0.885444224,0,0,0,1],"scale":1,"type":"italy_rockface_boulder_3"}
{"pos":[-149.839645,744.224426,71],"rotationMatrix":[0.796195626,0.605039418,0,-0.605039418,0.796195626,0,0,0,1],"scale":1,"type":"italy_rockface_boulder_3"}
{"pos":[-133.066711,727.831909,74.5260773],"rotationMatrix":[-0.771055579,-0.636767745,0,0.636767745,-0.771055579,0,0,0,1],"scale":1,"type":"italy_rockface_boulder_3"}
{"pos":[-129.473877,722.742737,78.1869888],"rotationMatrix":[0.875922799,0.482451379,0,-0.482451379,0.875922799,0,0,0,1],"scale":1,"type":"italy_rockface_boulder_3"}
{"pos":[-145.143616,734.266174,72.8785934],"rotationMatrix":[0.888209939,-0.459437698,0,0.459437698,0.888209939,0,0,0,1],"scale":1,"type":"italy_rockface_boulder_3"}
{"pos":[-153.775314,729.444702,77.6424408],"rotationMatrix":[0.546386242,-0.837533295,0,0.837533295,0.546386242,0,0,0,1],"scale":1,"type":"italy_rockface_boulder_3"}
{"pos":[-151.480103,718.776672,76.5833893],"rotationMatrix":[0.359930426,0.932979226,0,-0.932979226,0.359930426,0,0,0,1],"scale":1,"type":"italy_rockface_boulder_3"}
{"pos":[-141.057785,722.654419,73.9255524],"rotationMatrix":[0.787161767,-0.616746604,0,0.616746604,0.787161767,0,0,0,1],"scale":1,"type":"italy_rockface_boulder_3"}
{"pos":[-152.81517,720.43811,77.5825653],"rotationMatrix":[0.170218781,0.98540628,0,-0.98540628,0.170218781,0,0,0,1],"scale":1,"type":"italy_rockface_boulder_3"}
{"pos":[-133.381409,709.678772,78.2348633],"rotationMatrix":[0.999283731,-0.0378419831,0,0.0378419831,0.999283731,0,0,0,1],"scale":1,"type":"italy_rockface_boulder_3"}
{"pos":[-146.053619,709.851318,77.3509445],"rotationMatrix":[0.940577686,-0.33957845,0,0.33957845,0.940577686,0,0,0,1],"scale":1,"type":"italy_rockface_boulder_3"}
{"pos":[-137,716,75.1791077],"rotationMatrix":[0.804249167,-0.594292223,0,0.594292223,0.804249167,0,0,0,1],"scale":1,"type":"italy_rockface_boulder_3"}
{"pos":[-128.690948,705.213989,81.4690399],"rotationMatrix":[-0.423053145,0.906104803,0,-0.906104803,-0.423053145,0,0,0,1],"scale":1,"type":"italy_rockface_boulder_3"}
{"pos":[-151.586685,709.511536,77.894516],"rotationMatrix":[0.501104295,-0.865386844,0,0.865386844,0.501104295,0,0,0,1],"scale":1,"type":"italy_rockface_boulder_3"}
{"pos":[-124.869415,715.635376,84.4763641],"rotationMatrix":[-0.950350583,0.311181396,0,-0.311181396,-0.950350583,0,0,0,1],"scale":1,"type":"italy_rockface_boulder_3"}
{"pos":[-138.276123,713.057617,75.8087845],"rotationMatrix":[0.318201452,0.9480232,0,-0.9480232,0.318201452,0,0,0,1],"scale":1,"type":"italy_rockface_boulder_3"}
{"pos":[-143.196625,712.304749,76.0161133],"rotationMatrix":[-0.806006491,-0.591906846,0,0.591906846,-0.806006491,0,0,0,1],"scale":1,"type":"italy_rockface_boulder_3"}
{"pos":[-130.239258,719.688782,78.7365265],"rotationMatrix":[-0.35242638,0.935839534,0,-0.935839534,-0.35242638,0,0,0,1],"scale":1,"type":"italy_rockface_boulder_3"}
{"pos":[-132.163788,714.053711,77.9409485],"rotationMatrix":[0.197154462,0.980372488,0,-0.980372488,0.197154462,0,0,0,1],"scale":1,"type":"italy_rockface_boulder_3"}
{"pos":[-138.332764,718.195129,74.2092896],"rotationMatrix":[-0.999758661,0.0219647791,0,-0.0219647791,-0.999758661,0,0,0,1],"scale":1,"type":"italy_rockface_boulder_3"}
{"pos":[-134.694504,717.410278,75.9030838],"rotationMatrix":[-0.904879332,-0.425668269,0,0.425668269,-0.904879332,0,0,0,1],"scale":1,"type":"italy_rockface_boulder_3"}
{"pos":[-147,746,69],"rotationMatrix":[-0.794180691,0.607681513,0,-0.607681513,-0.794180691,0,0,0,1],"scale":1,"type":"italy_rockface_boulder_3"}
{"pos":[-138,731,73],"rotationMatrix":[0.999945521,0.0104380772,0,-0.0104380772,0.999945521,0,0,0,1],"scale":0.746911645,"type":"italy_rockface_boulder_3"}
{"pos":[-138,717,76],"rotationMatrix":[0.043404758,-0.315544516,-0.947917461,-0.175457105,0.931656897,-0.318165958,0.98352927,0.180128753,-0.0149261951],"scale":1,"type":"italy_rockface_boulder_3"}
{"pos":[-138,718,76],"rotationMatrix":[0.043404758,-0.315544516,-0.947917461,-0.175457105,0.931656897,-0.318165958,0.98352927,0.180128753,-0.0149261951],"scale":1,"type":"italy_rockface_boulder_3"}
{"pos":[-138,719,76],"rotationMatrix":[0.043404758,-0.315544516,-0.947917461,-0.175457105,0.931656897,-0.318165958,0.98352927,0.180128753,-0.0149261951],"scale":1,"type":"italy_rockface_boulder_3"}
{"pos":[-139,720,76],"rotationMatrix":[0.626031458,-0.315544516,-0.713103116,0.0617370307,0.931656897,-0.358054876,0.777349591,0.180128753,0.602727234],"scale":1,"type":"italy_rockface_boulder_3"}
{"pos":[-194.924637,634.434509,104.813492],"rotationMatrix":[-0.954388022,-0.298569322,0,0.298569322,-0.954388022,0,0,0,1],"scale":1,"type":"italy_rockface_boulder_3"}
{"pos":[-239.717987,425,225.657288],"rotationMatrix":[0.994233966,0.107232295,0,-0.107232295,0.994233966,0,0,0,1],"scale":1,"type":"italy_rockface_boulder_3"}
{"pos":[-255.555939,426.99707,227.087036],"rotationMatrix":[-0.811217487,-0.584744513,0,0.584744513,-0.811217487,0,0,0,1],"scale":1,"type":"italy_rockface_boulder_3"}
{"pos":[-236.250732,437.48877,227.813568],"rotationMatrix":[-0.834569931,-0.55090189,0,0.55090189,-0.834569931,0,0,0,1],"scale":1,"type":"italy_rockface_boulder_3"}
{"pos":[-251.606796,419.225067,226.231369],"rotationMatrix":[0.56194371,0.827175558,0,-0.827175558,0.56194371,0,0,0,1],"scale":1,"type":"italy_rockface_boulder_3"}
{"pos":[-288.795868,457.00882,235.286469],"rotationMatrix":[-0.743641317,-0.668578923,0,0.668578923,-0.743641317,0,0,0,1],"scale":1,"type":"italy_rockface_boulder_3"}
{"pos":[-279.299835,456.940796,235.24176],"rotationMatrix":[0.720064282,-0.69390732,0,0.69390732,0.720064282,0,0,0,1],"scale":1,"type":"italy_rockface_boulder_3"}
{"pos":[-271.408417,453,238],"rotationMatrix":[-0.73506403,0.67799753,0,-0.67799753,-0.73506403,0,0,0,1],"scale":1,"type":"italy_rockface_boulder_3"}
{"pos":[-259.569275,452.120422,236],"rotationMatrix":[0.432479113,-0.901643991,0,0.901643991,0.432479113,0,0,0,1],"scale":1.26013184,"type":"italy_rockface_boulder_3"}
{"pos":[-255.425034,456.815765,235.851624],"rotationMatrix":[0.898644805,-0.438676834,0,0.438676834,0.898644805,0,0,0,1],"scale":1,"type":"italy_rockface_boulder_3"}
{"pos":[-253.401352,451,235],"rotationMatrix":[-0.438183546,-0.898885608,0,0.898885608,-0.438183546,0,0,0,1],"scale":1.5812012,"type":"italy_rockface_boulder_3"}
{"pos":[-247.060455,440.302246,232.092407],"rotationMatrix":[0.952222228,0.305406243,0,-0.305406243,0.952222228,0,0,0,1],"scale":1,"type":"italy_rockface_boulder_3"}
{"pos":[-257.227692,440.945251,233],"rotationMatrix":[0.967761874,0.251866966,0,-0.251866966,0.967761874,0,0,0,1],"scale":1,"type":"italy_rockface_boulder_3"}
{"pos":[-329.526611,431,217.835663],"rotationMatrix":[0.487084806,0.873354793,0,-0.873354793,0.487084806,0,0,0,1],"scale":1,"type":"italy_rockface_boulder_3"}
{"pos":[-308.528931,447.642334,232.383301],"rotationMatrix":[0.942576289,0.333990961,0,-0.333990961,0.942576289,0,0,0,1],"scale":1,"type":"italy_rockface_boulder_3"}
{"pos":[-140.02504,674.846252,88.345871],"rotationMatrix":[0.844066978,0.536237836,0,-0.536237836,0.844066978,0,0,0,1],"scale":1,"type":"italy_rockface_boulder_3"}
{"pos":[-143.771042,662.858276,91.3382111],"rotationMatrix":[0.987756491,-0.156003058,0,0.156003058,0.987756491,0,0,0,1],"scale":1,"type":"italy_rockface_boulder_3"}
{"pos":[-136.469757,673.325806,92.2672424],"rotationMatrix":[0.487542003,0.873099625,0,-0.873099625,0.487542003,0,0,0,1],"scale":1,"type":"italy_rockface_boulder_3"}
{"pos":[-139.107758,663.66156,91.7644043],"rotationMatrix":[-0.665786147,0.746142626,0,-0.746142626,-0.665786147,0,0,0,1],"scale":1,"type":"italy_rockface_boulder_3"}
{"pos":[-146.279083,671.080444,88.2995834],"rotationMatrix":[0.560443163,-0.82819283,0,0.82819283,0.560443163,0,0,0,1],"scale":1,"type":"italy_rockface_boulder_3"}
{"pos":[-148.178635,674.415466,86.2958755],"rotationMatrix":[0.983809292,-0.179218382,0,0.179218382,0.983809292,0,0,0,1],"scale":1,"type":"italy_rockface_boulder_3"}
{"pos":[-134.846558,679.787781,90.5943222],"rotationMatrix":[0.231902272,0.9727391,0,-0.9727391,0.231902272,0,0,0,1],"scale":1,"type":"italy_rockface_boulder_3"}
{"pos":[-134.340546,672.409851,94.4759445],"rotationMatrix":[0.392970085,-0.919551253,0,0.919551253,0.392970085,0,0,0,1],"scale":1,"type":"italy_rockface_boulder_3"}
{"pos":[-146.739563,674.005676,86.2333679],"rotationMatrix":[0.971482754,-0.237110019,0,0.237110019,0.971482754,0,0,0,1],"scale":1,"type":"italy_rockface_boulder_3"}
{"pos":[-157.569168,671.102905,92.0817947],"rotationMatrix":[-0.780261755,0.625453174,0,-0.625453174,-0.780261755,0,0,0,1],"scale":1,"type":"italy_rockface_boulder_3"}
{"pos":[-148.005249,671.902649,87.7081757],"rotationMatrix":[-0.995448828,-0.0952976048,0,0.0952976048,-0.995448828,0,0,0,1],"scale":1,"type":"italy_rockface_boulder_3"}
{"pos":[-132.315796,650.092529,97.9819031],"rotationMatrix":[-0.480634719,-0.876920819,0,0.876920819,-0.480634719,0,0,0,1],"scale":1,"type":"italy_rockface_boulder_3"}
{"pos":[-144.344604,648.973511,99.9932098],"rotationMatrix":[0.99737668,-0.0723857433,0,0.0723857433,0.99737668,0,0,0,1],"scale":1,"type":"italy_rockface_boulder_3"}
{"pos":[-130.752441,654.469055,100.475769],"rotationMatrix":[-0.999452829,-0.0330763645,0,0.0330763645,-0.999452829,0,0,0,1],"scale":1,"type":"italy_rockface_boulder_3"}
{"pos":[-143.852051,653.378723,96.3417358],"rotationMatrix":[-0.986153722,-0.165834054,0,0.165834054,-0.986153722,0,0,0,1],"scale":1,"type":"italy_rockface_boulder_3"}
{"pos":[-131.875549,657.389404,99.0157318],"rotationMatrix":[0.957757652,-0.287576497,0,0.287576497,0.957757652,0,0,0,1],"scale":1,"type":"italy_rockface_boulder_3"}
{"pos":[-138.070068,643.045349,102.55864],"rotationMatrix":[-0.365609407,-0.930768371,0,0.930768371,-0.365609407,0,0,0,1],"scale":1,"type":"italy_rockface_boulder_3"}
{"pos":[-140.187683,647.459717,100.147896],"rotationMatrix":[0.454811454,-0.890587807,0,0.890587807,0.454811454,0,0,0,1],"scale":1,"type":"italy_rockface_boulder_3"}
