{"pos":[-126.131149,704.601318,84.2292633],"rotationMatrix":[-0.237902805,-0.971288919,0,0.971288919,-0.237902805,0,0,0,1],"scale":1,"type":"italy_rockface_boulder_2"}
{"pos":[-141.290924,707.193542,78.2015991],"rotationMatrix":[-0.957148492,-0.28959766,0,0.28959766,-0.957148492,0,0,0,1],"scale":1,"type":"italy_rockface_boulder_2"}
{"pos":[-148.570084,697.469543,80.1541519],"rotationMatrix":[-0.776515722,-0.630097985,0,0.630097985,-0.776515722,0,0,0,1],"scale":1,"type":"italy_rockface_boulder_2"}
{"pos":[-148.570084,695,81],"rotationMatrix":[-0.449669123,-0.630097985,0.633067369,0.364880711,-0.776515722,-0.513697863,0.815266669,0,0.579085648],"scale":1.91122127,"type":"italy_rockface_boulder_2"}
{"pos":[-156,697,82],"rotationMatrix":[-0.449669123,-0.630097985,0.633067369,0.364880711,-0.776515722,-0.513697863,0.815266669,0,0.579085648],"scale":1.91122127,"type":"italy_rockface_boulder_2"}
{"pos":[-153,687,85],"rotationMatrix":[0.765937328,-0.630097985,0.127733901,-0.621514142,-0.776515722,-0.103648745,0.164496168,0,-0.986377001],"scale":2.18589878,"type":"italy_rockface_boulder_2"}
{"pos":[-150,694,80],"rotationMatrix":[-0.0484874547,-0.77257669,0.633067369,0.720295668,-0.466142297,-0.513697863,0.691970408,0.431087762,0.579085648],"scale":1.91122127,"type":"italy_rockface_boulder_2"}
{"pos":[-149,696,80],"rotationMatrix":[-0.0484874547,-0.77257669,0.633067369,0.720295668,-0.466142297,-0.513697863,0.691970408,0.431087762,0.579085648],"scale":1.91122127,"type":"italy_rockface_boulder_2"}
{"pos":[-146,765,62],"rotationMatrix":[0.693726242,0.720238864,0,-0.720238864,0.693726242,0,0,0,1],"scale":2.03605938,"type":"italy_rockface_boulder_2"}
{"pos":[-147.342819,763.547913,63.3058434],"rotationMatrix":[0.606367648,0.795184493,0,-0.795184493,0.606367648,0,0,0,1],"scale":1,"type":"italy_rockface_boulder_2"}
{"pos":[-124.745911,764.394104,65.8520432],"rotationMatrix":[0.755432308,-0.655226707,0,0.655226707,0.755432308,0,0,0,1],"scale":1,"type":"italy_rockface_boulder_2"}
{"pos":[-134.378052,774,57],"rotationMatrix":[0.951130748,-0.308788359,0,0.308788359,0.951130748,0,0,0,1],"scale":1.14112854,"type":"italy_rockface_boulder_2"}
{"pos":[-120.783096,755.350403,76.6443481],"rotationMatrix":[-0.779791772,-0.626039088,0,0.626039088,-0.779791772,0,0,0,1],"scale":1,"type":"italy_rockface_boulder_2"}
{"pos":[-118.747124,757.943176,76.2397232],"rotationMatrix":[-0.538508713,0.842619896,0,-0.842619896,-0.538508713,0,0,0,1],"scale":1,"type":"italy_rockface_boulder_2"}
{"pos":[-141.574463,799.77478,47.2227097],"rotationMatrix":[-0.492409647,-0.870363474,0,0.870363474,-0.492409647,0,0,0,1],"scale":1.62000132,"type":"italy_rockface_boulder_2"}
{"pos":[-143.289871,808.904663,45.674366],"rotationMatrix":[0.045120351,0.998981476,0,-0.998981476,0.045120351,0,0,0,1],"scale":1,"type":"italy_rockface_boulder_2"}
{"pos":[-148.555313,792.57959,52.6393547],"rotationMatrix":[-0.0601489283,0.99818933,0,-0.99818933,-0.0601489283,0,0,0,1],"scale":1,"type":"italy_rockface_boulder_2"}
{"pos":[-127.19165,756.211792,66],"rotationMatrix":[0.693726242,0.720238864,0,-0.720238864,0.693726242,0,0,0,1],"scale":2.03605938,"type":"italy_rockface_boulder_2"}
{"pos":[-146,762,64],"rotationMatrix":[-0.988150656,0.153484017,0,-0.153484017,-0.988150656,0,0,0,1],"scale":1.47763848,"type":"italy_rockface_boulder_2"}
{"pos":[-130,759,64],"rotationMatrix":[0.693726242,0.720238864,0,-0.720238864,0.693726242,0,0,0,1],"scale":1.0973146,"type":"italy_rockface_boulder_2"}
{"pos":[-132,758,64],"rotationMatrix":[-0.0350528806,0.720238864,-0.69283998,0.0363925211,0.693726242,0.719318748,0.998722494,0,-0.0505284071],"scale":0.860364497,"type":"italy_rockface_boulder_2"}
{"pos":[-130.747833,780.5224,56.894146],"rotationMatrix":[-0.778654933,0.627452195,0,-0.627452195,-0.778654933,0,0,0,1],"scale":1,"type":"italy_rockface_boulder_2"}
{"pos":[-127.122612,791.668091,54.7321587],"rotationMatrix":[-0.834074199,-0.551652431,0,0.551652431,-0.834074199,0,0,0,1],"scale":1,"type":"italy_rockface_boulder_2"}
{"pos":[-141.963043,786.502747,54.0385132],"rotationMatrix":[0.885530055,0.464582175,0,-0.464582175,0.885530055,0,0,0,1],"scale":1,"type":"italy_rockface_boulder_2"}
{"pos":[-131.553726,781.867249,56.1675415],"rotationMatrix":[0.571687937,-0.820471048,0,0.820471048,0.571687937,0,0,0,1],"scale":1,"type":"italy_rockface_boulder_2"}
{"pos":[-136.38768,787.733582,53.1981277],"rotationMatrix":[0.575988889,-0.817457497,0,0.817457497,0.575988889,0,0,0,1],"scale":1,"type":"italy_rockface_boulder_2"}
{"pos":[-146.436813,787.989624,54.4059982],"rotationMatrix":[-0.858359873,-0.513047993,0,0.513047993,-0.858359873,0,0,0,1],"scale":1,"type":"italy_rockface_boulder_2"}
{"pos":[-133.749054,779.186829,56],"rotationMatrix":[0.904614389,-0.426230878,0,0.426230878,0.904614389,0,0,0,1],"scale":1.28903151,"type":"italy_rockface_boulder_2"}
{"pos":[-132.074493,739.155457,71],"rotationMatrix":[-0.988064289,-0.154041946,0,0.154041946,-0.988064289,0,0,0,1],"scale":1,"type":"italy_rockface_boulder_2"}
{"pos":[-153.021088,733.608887,76.9073334],"rotationMatrix":[-0.906755686,-0.421656519,0,0.421656519,-0.906755686,0,0,0,1],"scale":1,"type":"italy_rockface_boulder_2"}
{"pos":[-152.090698,728.613892,75.8166275],"rotationMatrix":[0.928988576,0.370108575,0,-0.370108575,0.928988576,0,0,0,1],"scale":1,"type":"italy_rockface_boulder_2"}
{"pos":[-153.064102,736.83252,76.4015503],"rotationMatrix":[-0.0320707075,-0.999485493,0,0.999485493,-0.0320707075,0,0,0,1],"scale":1,"type":"italy_rockface_boulder_2"}
{"pos":[-128.006912,726.869385,77],"rotationMatrix":[-0.0838246867,0.996480465,0,-0.996480465,-0.0838246867,0,0,0,1],"scale":1,"type":"italy_rockface_boulder_2"}
{"pos":[-140.717468,742.635559,69.5400162],"rotationMatrix":[-0.580916166,-0.813963473,0,0.813963473,-0.580916166,0,0,0,1],"scale":1,"type":"italy_rockface_boulder_2"}
{"pos":[-144.033417,748.536804,68.0664978],"rotationMatrix":[-0.734390259,-0.678727567,0,0.678727567,-0.734390259,0,0,0,1],"scale":1,"type":"italy_rockface_boulder_2"}
{"pos":[-143.891388,726.634888,74.1697159],"rotationMatrix":[-0.779937446,0.625857472,0,-0.625857472,-0.779937446,0,0,0,1],"scale":1,"type":"italy_rockface_boulder_2"}
{"pos":[-133.229172,736.33728,72],"rotationMatrix":[-0.946526349,0.322626412,0,-0.322626412,-0.946526349,0,0,0,1],"scale":1,"type":"italy_rockface_boulder_2"}
{"pos":[-138.013962,739.381775,70.3630676],"rotationMatrix":[-0.801218987,-0.598371148,0,0.598371148,-0.801218987,0,0,0,1],"scale":1,"type":"italy_rockface_boulder_2"}
{"pos":[-155.960373,734.212097,79.6726379],"rotationMatrix":[0.177231088,0.984169245,0,-0.984169245,0.177231088,0,0,0,1],"scale":1,"type":"italy_rockface_boulder_2"}
{"pos":[-149.484695,736.786377,73],"rotationMatrix":[-0.562558174,-0.826757669,0,0.826757669,-0.562558174,0,0,0,1],"scale":1,"type":"italy_rockface_boulder_2"}
{"pos":[-125.784012,731.164673,78],"rotationMatrix":[-0.869353235,0.494191349,0,-0.494191349,-0.869353235,0,0,0,1],"scale":1,"type":"italy_rockface_boulder_2"}
{"pos":[-132.434967,719.566162,76.9739609],"rotationMatrix":[-0.953469396,0.301489741,0,-0.301489741,-0.953469396,0,0,0,1],"scale":1,"type":"italy_rockface_boulder_2"}
{"pos":[-155.653854,737.783875,78.7747421],"rotationMatrix":[-0.715060234,-0.699062765,0,0.699062765,-0.715060234,0,0,0,1],"scale":1,"type":"italy_rockface_boulder_2"}
{"pos":[-143.705673,745.747681,68.9328308],"rotationMatrix":[0.211958349,0.977278709,0,-0.977278709,0.211958349,0,0,0,1],"scale":1,"type":"italy_rockface_boulder_2"}
{"pos":[-140.009125,725.55249,74.0616455],"rotationMatrix":[-0.605550706,0.795806587,0,-0.795806587,-0.605550706,0,0,0,1],"scale":1,"type":"italy_rockface_boulder_2"}
{"pos":[-134.408188,711.536011,77.3651733],"rotationMatrix":[-0.958027661,-0.286676019,0,0.286676019,-0.958027661,0,0,0,1],"scale":1,"type":"italy_rockface_boulder_2"}
{"pos":[-140.908844,718.125732,73.512085],"rotationMatrix":[0.332252681,0.943190455,0,-0.943190455,0.332252681,0,0,0,1],"scale":1,"type":"italy_rockface_boulder_2"}
{"pos":[-140.222214,708.112549,77.9683533],"rotationMatrix":[-0.950538695,-0.310606331,0,0.310606331,-0.950538695,0,0,0,1],"scale":1,"type":"italy_rockface_boulder_2"}
{"pos":[-131.221893,704.633301,79.9813461],"rotationMatrix":[-0.83329922,-0.552822173,0,0.552822173,-0.83329922,0,0,0,1],"scale":1,"type":"italy_rockface_boulder_2"}
{"pos":[-147.39212,719.509827,74.1237488],"rotationMatrix":[0.586773634,0.809751093,0,-0.809751093,0.586773634,0,0,0,1],"scale":1,"type":"italy_rockface_boulder_2"}
{"pos":[-154,711.448975,78.4229889],"rotationMatrix":[0.836545706,-0.547897041,0,0.547897041,0.836545706,0,0,0,1],"scale":1,"type":"italy_rockface_boulder_2"}
{"pos":[-137.925079,706.144165,78.4977264],"rotationMatrix":[0.530124962,0.847919583,0,-0.847919583,0.530124962,0,0,0,1],"scale":1,"type":"italy_rockface_boulder_2"}
{"pos":[-140.336838,695.64502,80.0974731],"rotationMatrix":[0.358275354,0.933616042,0,-0.933616042,0.358275354,0,0,0,1],"scale":1,"type":"italy_rockface_boulder_2"}
{"pos":[-127.028793,723.11554,81.3275146],"rotationMatrix":[-0.928290963,0.371854812,0,-0.371854812,-0.928290963,0,0,0,1],"scale":1,"type":"italy_rockface_boulder_2"}
{"pos":[-130.322968,698.812073,82.7264099],"rotationMatrix":[0.995290041,-0.0969416723,0,0.0969416723,0.995290041,0,0,0,1],"scale":1,"type":"italy_rockface_boulder_2"}
{"pos":[-129.794189,709.141235,79.9892883],"rotationMatrix":[0.907003641,-0.42112273,0,0.42112273,0.907003641,0,0,0,1],"scale":1,"type":"italy_rockface_boulder_2"}
{"pos":[-146.066025,699.319031,79.359375],"rotationMatrix":[-0.989415348,0.145111039,0,-0.145111039,-0.989415348,0,0,0,1],"scale":1,"type":"italy_rockface_boulder_2"}
{"pos":[-127.960144,711.792969,81.6005936],"rotationMatrix":[0.831744313,0.555159092,0,-0.555159092,0.831744313,0,0,0,1],"scale":1,"type":"italy_rockface_boulder_2"}
{"pos":[-145,747,68],"rotationMatrix":[0.208793655,-0.977959037,0,0.977959037,0.208793655,0,0,0,1],"scale":1,"type":"italy_rockface_boulder_2"}
{"pos":[-154,712,78],"rotationMatrix":[0.836545706,-0.547897041,0,0.547897041,0.836545706,0,0,0,1],"scale":1,"type":"italy_rockface_boulder_2"}
{"pos":[-151,736.786377,74],"rotationMatrix":[-0.562558174,-0.826757669,0,0.826757669,-0.562558174,0,0,0,1],"scale":1,"type":"italy_rockface_boulder_2"}
{"pos":[-150,732,75],"rotationMatrix":[0.594460726,0.804123759,0,-0.804123759,0.594460726,0,0,0,1],"scale":1.18759155,"type":"italy_rockface_boulder_2"}
{"pos":[-195.955917,626.621216,107.925232],"rotationMatrix":[-0.0950324237,0.99547416,0,-0.99547416,-0.0950324237,0,0,0,1],"scale":1,"type":"italy_rockface_boulder_2"}
{"pos":[-244.760757,437.491089,230.567413],"rotationMatrix":[-0.530327201,0.847792983,0,-0.847792983,-0.530327201,0,0,0,1],"scale":1,"type":"italy_rockface_boulder_2"}
{"pos":[-253,426.38501,225],"rotationMatrix":[-0.376168966,0.926550984,0,-0.926550984,-0.376168966,0,0,0,1],"scale":1.70175612,"type":"italy_rockface_boulder_2"}
{"pos":[-253,429.743988,226.880402],"rotationMatrix":[-0.865511477,0.500889003,0,-0.500889003,-0.865511477,0,0,0,1],"scale":1,"type":"italy_rockface_boulder_2"}
{"pos":[-290.658325,454.404205,237.780457],"rotationMatrix":[0.866192937,-0.499709636,0,0.499709636,0.866192937,0,0,0,1],"scale":1,"type":"italy_rockface_boulder_2"}
{"pos":[-285.84314,443.463287,238.241272],"rotationMatrix":[-0.0478431508,-0.998854756,0,0.998854756,-0.0478431508,0,0,0,1],"scale":1,"type":"italy_rockface_boulder_2"}
{"pos":[-287.53772,442.727173,237.382553],"rotationMatrix":[-0.52816999,-0.849138737,0,0.849138737,-0.52816999,0,0,0,1],"scale":1,"type":"italy_rockface_boulder_2"}
{"pos":[-268.500946,457.698669,237.260025],"rotationMatrix":[-0.899501801,-0.436917245,0,0.436917245,-0.899501801,0,0,0,1],"scale":1,"type":"italy_rockface_boulder_2"}
{"pos":[-271.178345,458.71698,235.823273],"rotationMatrix":[-0.258641958,0.965973198,0,-0.965973198,-0.258641958,0,0,0,1],"scale":1,"type":"italy_rockface_boulder_2"}
{"pos":[-257.097778,443.143585,233],"rotationMatrix":[-0.992187142,-0.124758624,0,0.124758624,-0.992187142,0,0,0,1],"scale":1.38150632,"type":"italy_rockface_boulder_2"}
{"pos":[-249.966797,453.559509,235.631409],"rotationMatrix":[0.750239134,0.661166728,0,-0.661166728,0.750239134,0,0,0,1],"scale":1,"type":"italy_rockface_boulder_2"}
{"pos":[-336.139526,429.052063,218.206573],"rotationMatrix":[-0.999428451,0.0338052139,0,-0.0338052139,-0.999428451,0,0,0,1],"scale":1,"type":"italy_rockface_boulder_2"}
{"pos":[-336.397217,438.305267,215],"rotationMatrix":[-0.962448359,-0.271464795,0,0.271464795,-0.962448359,0,0,0,1],"scale":1,"type":"italy_rockface_boulder_2"}
{"pos":[-333.708069,434.952393,215],"rotationMatrix":[0.997948706,-0.0640174374,0,0.0640174374,0.997948706,0,0,0,1],"scale":1.37432861,"type":"italy_rockface_boulder_2"}
{"pos":[-302.202393,437.909271,231.831573],"rotationMatrix":[0.696753144,-0.717311025,0,0.717311025,0.696753144,0,0,0,1],"scale":1,"type":"italy_rockface_boulder_2"}
{"pos":[-311.33667,438.030762,227.599564],"rotationMatrix":[-0.442049086,-0.896990776,0,0.896990776,-0.442049086,0,0,0,1],"scale":1,"type":"italy_rockface_boulder_2"}
{"pos":[-307.118134,438.889618,229.595428],"rotationMatrix":[-0.9998945,0.0145202223,0,-0.0145202223,-0.9998945,0,0,0,1],"scale":1,"type":"italy_rockface_boulder_2"}
{"pos":[-304.983612,433.876221,230.423599],"rotationMatrix":[-0.15209505,-0.988365889,0,0.988365889,-0.15209505,0,0,0,1],"scale":1,"type":"italy_rockface_boulder_2"}
{"pos":[-309,440,229],"rotationMatrix":[-0.442049086,-0.896990776,0,0.896990776,-0.442049086,0,0,0,1],"scale":1,"type":"italy_rockface_boulder_2"}
{"pos":[-148.027634,676.173767,86.0633621],"rotationMatrix":[-0.910040975,0.414518416,0,-0.414518416,-0.910040975,0,0,0,1],"scale":1,"type":"italy_rockface_boulder_2"}
{"pos":[-147.159943,667.510498,90.9625397],"rotationMatrix":[-0.562573969,-0.826746941,0,0.826746941,-0.562573969,0,0,0,1],"scale":1,"type":"italy_rockface_boulder_2"}
{"pos":[-143.098328,664.185669,91.1465073],"rotationMatrix":[-0.402565002,-0.915391386,0,0.915391386,-0.402565002,0,0,0,1],"scale":1,"type":"italy_rockface_boulder_2"}
{"pos":[-141.714783,661.403809,91.245697],"rotationMatrix":[-0.991786122,0.127907202,0,-0.127907202,-0.991786122,0,0,0,1],"scale":1,"type":"italy_rockface_boulder_2"}
{"pos":[-142.460236,672.458008,88],"rotationMatrix":[0.240876794,0.970555782,0,-0.970555782,0.240876794,0,0,0,1],"scale":0.672723413,"type":"italy_rockface_boulder_2"}
{"pos":[-148.332397,665.116577,92.0749969],"rotationMatrix":[-0.731575727,0.681760192,0,-0.681760192,-0.731575727,0,0,0,1],"scale":1,"type":"italy_rockface_boulder_2"}
{"pos":[-142.612991,670.105225,89],"rotationMatrix":[0.125679284,-0.989934802,-0.0650675148,0.879103363,0.141524076,-0.455135256,0.459762871,0,0.888041675],"scale":1,"type":"italy_rockface_boulder_2"}
{"pos":[-136.983292,668.510498,92.5622253],"rotationMatrix":[0.83074218,-0.0759172589,0.551456094,0.14876312,0.984903216,-0.0885159299,-0.536411047,0.155570284,0.829494357],"scale":1,"type":"italy_rockface_boulder_2"}
{"pos":[-143.395523,666.201782,91.0808868],"rotationMatrix":[0.541368246,-0.840785623,0,0.840785623,0.541368246,0,0,0,1],"scale":1,"type":"italy_rockface_boulder_2"}
{"pos":[-150.259995,663.052551,92.0681229],"rotationMatrix":[-0.9701581,-0.242473319,0,0.242473319,-0.9701581,0,0,0,1],"scale":1,"type":"italy_rockface_boulder_2"}
{"pos":[-133.328705,673.377441,95.0837021],"rotationMatrix":[0.998776376,0.049454838,0,-0.049454838,0.998776376,0,0,0,1],"scale":1,"type":"italy_rockface_boulder_2"}
{"pos":[-137.907013,675.738464,89.9045486],"rotationMatrix":[-0.120206617,0.992748797,0,-0.992748797,-0.120206617,0,0,0,1],"scale":1,"type":"italy_rockface_boulder_2"}
{"pos":[-141.722977,684.877869,84.8174973],"rotationMatrix":[0.118026286,0.993010402,0,-0.993010402,0.118026286,0,0,0,1],"scale":1,"type":"italy_rockface_boulder_2"}
{"pos":[-144.018219,678.650635,86.1035309],"rotationMatrix":[0.977993608,-0.20863454,0,0.20863454,0.977993608,0,0,0,1],"scale":1,"type":"italy_rockface_boulder_2"}
{"pos":[-133.331635,681.093628,91.0216064],"rotationMatrix":[0.184167847,-0.982894778,0,0.982894778,0.184167847,0,0,0,1],"scale":1,"type":"italy_rockface_boulder_2"}
{"pos":[-145.973785,681.398743,84.9438324],"rotationMatrix":[0.678298473,0.73478657,0,-0.73478657,0.678298473,0,0,0,1],"scale":1,"type":"italy_rockface_boulder_2"}
{"pos":[-155.935989,669.944336,92.0065155],"rotationMatrix":[-0.113755278,0.993508756,0,-0.993508756,-0.113755278,0,0,0,1],"scale":1,"type":"italy_rockface_boulder_2"}
{"pos":[-155.484222,672.77771,89.9286804],"rotationMatrix":[0.540829718,0.841132164,0,-0.841132164,0.540829718,0,0,0,1],"scale":1,"type":"italy_rockface_boulder_2"}
{"pos":[-134,649,98],"rotationMatrix":[0.472106159,0.601646304,-0.644311726,-0.881541848,0.322209239,-0.345058531,0,0.730891824,0.68249321],"scale":1,"type":"italy_rockface_boulder_2"}
{"pos":[-130.299683,640.904724,105.151863],"rotationMatrix":[0.629978418,0.776612759,0,-0.776612759,0.629978418,0,0,0,1],"scale":1,"type":"italy_rockface_boulder_2"}
{"pos":[-142.382767,651.608887,96.6618195],"rotationMatrix":[0.889177263,0.457562923,0,-0.457562923,0.889177263,0,0,0,1],"scale":1,"type":"italy_rockface_boulder_2"}
{"pos":[-143.236801,640.879272,105.578201],"rotationMatrix":[0.665741026,-0.746182859,0,0.746182859,0.665741026,0,0,0,1],"scale":1,"type":"italy_rockface_boulder_2"}
{"pos":[-130.448242,643.257324,103.210709],"rotationMatrix":[-0.994583249,-0.103942573,0,0.103942573,-0.994583249,0,0,0,1],"scale":1,"type":"italy_rockface_boulder_2"}
{"pos":[-130.728973,649.952393,100],"rotationMatrix":[-0.289533257,0.623887777,-0.725902557,-0.231136307,-0.781513989,-0.579492807,-0.928841412,0,0.370477378],"scale":1.47646332,"type":"italy_rockface_boulder_2"}
{"pos":[-140.122406,652.612061,95.5333023],"rotationMatrix":[-0.779154062,-0.626832426,0,0.626832426,-0.779154062,0,0,0,1],"scale":1,"type":"italy_rockface_boulder_2"}
{"pos":[-146.553131,600.441284,120.542976],"rotationMatrix":[-0.850299299,-0.526299596,0,0.526299596,-0.850299299,0,0,0,1],"scale":1,"type":"italy_rockface_boulder_2"}
{"pos":[-138.039658,592.488892,124.42733],"rotationMatrix":[-0.877640843,-0.479318738,0,0.479318738,-0.877640843,0,0,0,1],"scale":1,"type":"italy_rockface_boulder_2"}
{"pos":[-132.473465,609.550842,117.706055],"rotationMatrix":[-0.188228026,-0.982125342,0,0.982125342,-0.188228026,0,0,0,1],"scale":1,"type":"italy_rockface_boulder_2"}
{"pos":[-134.291916,580.842407,128.017365],"rotationMatrix":[0.999480188,-0.0322382376,0,0.0322382376,0.999480188,0,0,0,1],"scale":1,"type":"italy_rockface_boulder_2"}
{"pos":[-130.23996,599.916809,122.094971],"rotationMatrix":[0.060141664,0.998189867,0,-0.998189867,0.060141664,0,0,0,1],"scale":1,"type":"italy_rockface_boulder_2"}
{"pos":[-138.926071,604.464966,119.081421],"rotationMatrix":[-0.998675287,0.0514547862,0,-0.0514547862,-0.998675287,0,0,0,1],"scale":1,"type":"italy_rockface_boulder_2"}
{"pos":[-122.052765,610.191284,117.758087],"rotationMatrix":[0.00368227903,-0.999993205,0,0.999993205,0.00368227903,0,0,0,1],"scale":1,"type":"italy_rockface_boulder_2"}
{"pos":[-124.073296,587.196655,127.276672],"rotationMatrix":[-0.238332585,-0.971183658,0,0.971183658,-0.238332585,0,0,0,1],"scale":1,"type":"italy_rockface_boulder_2"}
{"pos":[-143.955765,616.577759,115.063881],"rotationMatrix":[-0.786060989,0.618148804,0,-0.618148804,-0.786060989,0,0,0,1],"scale":1,"type":"italy_rockface_boulder_2"}
{"pos":[-144.567261,587.152588,126.988922],"rotationMatrix":[0.300718427,0.953713059,0,-0.953713059,0.300718427,0,0,0,1],"scale":1,"type":"italy_rockface_boulder_2"}
{"pos":[-126.520966,609.230408,117.877823],"rotationMatrix":[-0.789737582,-0.613444746,0,0.613444746,-0.789737582,0,0,0,1],"scale":1,"type":"italy_rockface_boulder_2"}
{"pos":[-112.939598,601.190857,123.193344],"rotationMatrix":[0.979382992,0.202012032,0,-0.202012032,0.979382992,0,0,0,1],"scale":1,"type":"italy_rockface_boulder_2"}
{"pos":[-136.00563,590.341675,125.777328],"rotationMatrix":[0.999769151,0.0214844532,0,-0.0214844532,0.999769151,0,0,0,1],"scale":1,"type":"italy_rockface_boulder_2"}
{"pos":[-12.1707764,490.885162,180.962814],"rotationMatrix":[-0.995652735,-0.0931428745,0,0.0931428745,-0.995652735,0,0,0,1],"scale":1,"type":"italy_rockface_boulder_2"}
{"pos":[-28.3099518,484.776184,179.413727],"rotationMatrix":[0.76373893,-0.645525277,0,0.645525277,0.76373893,0,0,0,1],"scale":1,"type":"italy_rockface_boulder_2"}
{"pos":[-25.1923332,505.564514,173.484634],"rotationMatrix":[0.518256843,-0.855225027,0,0.855225027,0.518256843,0,0,0,1],"scale":1,"type":"italy_rockface_boulder_2"}
{"pos":[-50.6531563,515.38385,163.789551],"rotationMatrix":[-0.898674726,-0.43861559,0,0.43861559,-0.898674726,0,0,0,1],"scale":1,"type":"italy_rockface_boulder_2"}
{"pos":[-57.1818771,515.116272,161.136017],"rotationMatrix":[0.875393867,-0.483410269,0,0.483410269,0.875393867,0,0,0,1],"scale":1,"type":"italy_rockface_boulder_2"}
{"pos":[-65.8319092,524.950745,156.926254],"rotationMatrix":[0.642354488,-0.766407609,0,0.766407609,0.642354488,0,0,0,1],"scale":1,"type":"italy_rockface_boulder_2"}
{"pos":[-14.5804749,487.157196,181.766449],"rotationMatrix":[0.982641637,-0.185513854,0,0.185513854,0.982641637,0,0,0,1],"scale":1,"type":"italy_rockface_boulder_2"}
{"pos":[-2.25695801,491.500214,185.223221],"rotationMatrix":[-0.665534914,-0.746366858,0,0.746366858,-0.665534914,0,0,0,1],"scale":1,"type":"italy_rockface_boulder_2"}
{"pos":[-7.21411896,476.514404,188.123199],"rotationMatrix":[0.82601428,0.563649297,0,-0.563649297,0.82601428,0,0,0,1],"scale":1,"type":"italy_rockface_boulder_2"}
{"pos":[10.1801224,479.93988,192.210678],"rotationMatrix":[-0.917213798,0.398395181,0,-0.398395181,-0.917213798,0,0,0,1],"scale":1,"type":"italy_rockface_boulder_2"}
{"pos":[13.0171833,464.037994,197.11377],"rotationMatrix":[-0.168849975,0.985641718,0,-0.985641718,-0.168849975,0,0,0,1],"scale":1,"type":"italy_rockface_boulder_2"}
{"pos":[8.34131432,449.656494,204.143707],"rotationMatrix":[-0.569638968,0.821894884,0,-0.821894884,-0.569638968,0,0,0,1],"scale":1,"type":"italy_rockface_boulder_2"}
{"pos":[13.2075024,452.669342,203.007568],"rotationMatrix":[-0.700898528,0.713261008,0,-0.713261008,-0.700898528,0,0,0,1],"scale":1,"type":"italy_rockface_boulder_2"}
{"pos":[8.58906937,455.666626,200.337479],"rotationMatrix":[0.246935159,0.969032049,0,-0.969032049,0.246935159,0,0,0,1],"scale":1,"type":"italy_rockface_boulder_2"}
{"pos":[4.61147881,456.316162,199.882721],"rotationMatrix":[-0.981055617,0.193726555,0,-0.193726555,-0.981055617,0,0,0,1],"scale":1,"type":"italy_rockface_boulder_2"}
{"pos":[4.31736469,454.146179,200.596954],"rotationMatrix":[-0.296208471,0.955123246,0,-0.955123246,-0.296208471,0,0,0,1],"scale":1,"type":"italy_rockface_boulder_2"}
{"pos":[10.3449478,455.718109,200.490921],"rotationMatrix":[0.272418082,-0.962178946,0,0.962178946,0.272418082,0,0,0,1],"scale":1,"type":"italy_rockface_boulder_2"}
{"pos":[18.0130386,462.320679,199.509735],"rotationMatrix":[0.999218047,-0.0395379178,0,0.0395379178,0.999218047,0,0,0,1],"scale":1,"type":"italy_rockface_boulder_2"}
{"pos":[-356.062744,765.687866,53.8359871],"rotationMatrix":[-0.497704059,-0.867346942,0,0.867346942,-0.497704059,0,0,0,1],"scale":1.57398534,"type":"italy_rockface_boulder_2"}
{"pos":[-370.016663,765.190247,49.0729141],"rotationMatrix":[-0.960655749,0.277741671,0,-0.277741671,-0.960655749,0,0,0,1],"scale":1.43894482,"type":"italy_rockface_boulder_2"}
{"pos":[-365.676605,773.339355,48.7806358],"rotationMatrix":[0.140636116,-0.990061343,0,0.990061343,0.140636116,0,0,0,1],"scale":1.85084558,"type":"italy_rockface_boulder_2"}
{"pos":[-356.46701,756.969604,57.1093445],"rotationMatrix":[-0.993454278,0.114230216,0,-0.114230216,-0.993454278,0,0,0,1],"scale":1.22885835,"type":"italy_rockface_boulder_2"}
{"pos":[-344.670288,753.074707,61.4273262],"rotationMatrix":[0.821314216,0.570476174,0,-0.570476174,0.821314216,0,0,0,1],"scale":1.6469332,"type":"italy_rockface_boulder_2"}
{"pos":[-350.072021,746.064514,60.7144966],"rotationMatrix":[0.30222559,0.953236461,0,-0.953236461,0.30222559,0,0,0,1],"scale":1.10759962,"type":"italy_rockface_boulder_2"}
{"pos":[-350.131531,757.030029,58.446373],"rotationMatrix":[0.0287461579,0.999586701,0,-0.999586701,0.0287461579,0,0,0,1],"scale":1.90356493,"type":"italy_rockface_boulder_2"}
{"pos":[-352.171387,744.852417,63.4753456],"rotationMatrix":[0.968163908,-0.250316948,0,0.250316948,0.968163908,0,0,0,1],"scale":1.154948,"type":"italy_rockface_boulder_2"}
{"pos":[-333.811859,743.524109,68.6424637],"rotationMatrix":[-0.0189329442,0.999820709,0,-0.999820709,-0.0189329442,0,0,0,1],"scale":1.08397198,"type":"italy_rockface_boulder_2"}
{"pos":[-335.243286,732.166138,72.1535187],"rotationMatrix":[0.261454165,0.965215921,0,-0.965215921,0.261454165,0,0,0,1],"scale":1.73779082,"type":"italy_rockface_boulder_2"}
{"pos":[-65.2915955,206.390518,360.450317],"rotationMatrix":[0.586177111,-0.810182869,0,0.810182869,0.586177111,0,0,0,1],"scale":1.17843604,"type":"italy_rockface_boulder_2"}
{"pos":[-29.5136108,188.915298,344.947784],"rotationMatrix":[-0.886492789,0.462742269,0,-0.462742269,-0.886492789,0,0,0,1],"scale":1.00703776,"type":"italy_rockface_boulder_2"}
{"pos":[-38.5924492,187.83757,345.320496],"rotationMatrix":[-0.965209842,0.261476606,0,-0.261476606,-0.965209842,0,0,0,1],"scale":1.70258641,"type":"italy_rockface_boulder_2"}
{"pos":[-60.8188896,172.108551,361.002533],"rotationMatrix":[-0.99012053,0.140218481,0,-0.140218481,-0.99012053,0,0,0,1],"scale":1.18907118,"type":"italy_rockface_boulder_2"}
{"pos":[-67.6472778,205.358109,360.496826],"rotationMatrix":[0.0618400648,-0.998086035,0,0.998086035,0.0618400648,0,0,0,1],"scale":1.70333099,"type":"italy_rockface_boulder_2"}
{"pos":[-60.6850891,194.833618,354.31134],"rotationMatrix":[-0.694163084,-0.719817698,0,0.719817698,-0.694163084,0,0,0,1],"scale":1.8564043,"type":"italy_rockface_boulder_2"}
{"pos":[-46.3838005,201.679352,344.867889],"rotationMatrix":[0.149822384,-0.988712907,0,0.988712907,0.149822384,0,0,0,1],"scale":1.54333901,"type":"italy_rockface_boulder_2"}
{"pos":[-44.5726967,165.867371,362.62088],"rotationMatrix":[-0.711501658,0.702684402,0,-0.702684402,-0.711501658,0,0,0,1],"scale":1.24819756,"type":"italy_rockface_boulder_2"}
{"pos":[-71.7415848,186.367859,364.546295],"rotationMatrix":[-0.973819494,0.227322713,0,-0.227322713,-0.973819494,0,0,0,1],"scale":1.41528821,"type":"italy_rockface_boulder_2"}
{"pos":[-33.5441322,181.922485,351.058868],"rotationMatrix":[-0.988334537,0.152297944,0,-0.152297944,-0.988334537,0,0,0,1],"scale":1.95351458,"type":"italy_rockface_boulder_2"}
{"pos":[-36.8052406,174.502792,354.567719],"rotationMatrix":[-0.80469346,-0.593690574,0,0.593690574,-0.80469346,0,0,0,1],"scale":1.55445182,"type":"italy_rockface_boulder_2"}
{"pos":[-42.2157402,188.246918,346.454895],"rotationMatrix":[-0.323235631,0.946318507,0,-0.946318507,-0.323235631,0,0,0,1],"scale":1.58602881,"type":"italy_rockface_boulder_2"}
{"pos":[-57.1586494,209.783478,354.512756],"rotationMatrix":[-0.880979538,0.473154515,0,-0.473154515,-0.880979538,0,0,0,1],"scale":1.19255006,"type":"italy_rockface_boulder_2"}
{"pos":[-59.7634201,209.372589,355.918976],"rotationMatrix":[-0.577610731,-0.816312253,0,0.816312253,-0.577610731,0,0,0,1],"scale":1.88220274,"type":"italy_rockface_boulder_2"}
{"pos":[-59.2663879,189.025238,353.696045],"rotationMatrix":[0.984069645,-0.17778337,0,0.17778337,0.984069645,0,0,0,1],"scale":1.2407825,"type":"italy_rockface_boulder_2"}
{"pos":[-47.2107468,189.195267,347.426453],"rotationMatrix":[0.300782084,0.953692913,0,-0.953692913,0.300782084,0,0,0,1],"scale":1.39235985,"type":"italy_rockface_boulder_2"}
{"pos":[-39.2227325,194.699875,343.29657],"rotationMatrix":[-0.723478377,0.690347075,0,-0.690347075,-0.723478377,0,0,0,1],"scale":1.49656892,"type":"italy_rockface_boulder_2"}
{"pos":[-35.2115059,195.396469,343.233551],"rotationMatrix":[-0.634803355,-0.772673845,0,0.772673845,-0.634803355,0,0,0,1],"scale":1.23573375,"type":"italy_rockface_boulder_2"}
{"pos":[-50.3675957,184.980469,349.49585],"rotationMatrix":[0.812361538,-0.583153963,0,0.583153963,0.812361538,0,0,0,1],"scale":1.72196317,"type":"italy_rockface_boulder_2"}
{"pos":[-31.5026207,202.660645,340.058319],"rotationMatrix":[0.982186437,-0.187909216,0,0.187909216,0.982186437,0,0,0,1],"scale":1.41832089,"type":"italy_rockface_boulder_2"}
{"pos":[-50.4599991,168.955139,357.310272],"rotationMatrix":[0.413511485,-0.910498857,0,0.910498857,0.413511485,0,0,0,1],"scale":1.90047979,"type":"italy_rockface_boulder_2"}
{"pos":[-32.4846764,180.222778,352.329498],"rotationMatrix":[0.401080906,-0.916042626,0,0.916042626,0.401080906,0,0,0,1],"scale":1.52392733,"type":"italy_rockface_boulder_2"}
{"pos":[-46.2372437,173.818665,353.708679],"rotationMatrix":[0.0822792426,0.996609271,0,-0.996609271,0.0822792426,0,0,0,1],"scale":1.60930014,"type":"italy_rockface_boulder_2"}
{"pos":[-61.1145782,184.428406,355.552216],"rotationMatrix":[-0.745366395,-0.666655123,0,0.666655123,-0.745366395,0,0,0,1],"scale":1.00087392,"type":"italy_rockface_boulder_2"}
{"pos":[-49.2955513,182.848267,351.773682],"rotationMatrix":[0.983759701,0.179490373,0,-0.179490373,0.983759701,0,0,0,1],"scale":1.38225174,"type":"italy_rockface_boulder_2"}
{"pos":[-29.0948105,178.702789,355.077942],"rotationMatrix":[0.844445467,0.535641611,0,-0.535641611,0.844445467,0,0,0,1],"scale":1.41628051,"type":"italy_rockface_boulder_2"}
{"pos":[-55.2219467,164.922806,360.732452],"rotationMatrix":[-0.99934864,-0.036085315,0,0.036085315,-0.99934864,0,0,0,1],"scale":1.80527782,"type":"italy_rockface_boulder_2"}
{"pos":[-45.5205727,187.881424,347.456543],"rotationMatrix":[-0.231277555,0.972887814,0,-0.972887814,-0.231277555,0,0,0,1],"scale":1.65206933,"type":"italy_rockface_boulder_2"}
{"pos":[-43.0582428,179.276947,351.490356],"rotationMatrix":[-0.547799945,-0.836609304,0,0.836609304,-0.547799945,0,0,0,1],"scale":1.34789515,"type":"italy_rockface_boulder_2"}
{"pos":[-32.8556404,199.383072,340.454193],"rotationMatrix":[-0.262689829,0.964880347,0,-0.964880347,-0.262689829,0,0,0,1],"scale":1.93202424,"type":"italy_rockface_boulder_2"}
{"pos":[-59.2543869,178.685715,355.15799],"rotationMatrix":[-0.182439208,0.98321712,0,-0.98321712,-0.182439208,0,0,0,1],"scale":1.8531599,"type":"italy_rockface_boulder_2"}
{"pos":[-40.0860901,185.523407,349.222595],"rotationMatrix":[0.861827254,0.50720197,0,-0.50720197,0.861827254,0,0,0,1],"scale":1.08191931,"type":"italy_rockface_boulder_2"}
{"pos":[-36.6538506,181.162231,351.243408],"rotationMatrix":[0.820484936,-0.571668148,0,0.571668148,0.820484936,0,0,0,1],"scale":1.91667652,"type":"italy_rockface_boulder_2"}
{"pos":[-56.5617294,188.092575,352.329498],"rotationMatrix":[-0.144745603,0.989468813,0,-0.989468813,-0.144745603,0,0,0,1],"scale":1.25839067,"type":"italy_rockface_boulder_2"}
{"pos":[-64.6903992,174.532333,360.521484],"rotationMatrix":[-0.776101232,0.63060838,0,-0.63060838,-0.776101232,0,0,0,1],"scale":1.44512177,"type":"italy_rockface_boulder_2"}
{"pos":[-62.6792183,187.424332,354.553955],"rotationMatrix":[-0.856042325,-0.516905963,0,0.516905963,-0.856042325,0,0,0,1],"scale":1.6917696,"type":"italy_rockface_boulder_2"}
{"pos":[-71.1314163,166.974716,363.398804],"rotationMatrix":[-0.434230447,-0.900801837,0,0.900801837,-0.434230447,0,0,0,1],"scale":1.05518651,"type":"italy_rockface_boulder_2"}
{"pos":[-64.7344208,162.898651,363.154724],"rotationMatrix":[-0.313684702,0.949527144,0,-0.949527144,-0.313684702,0,0,0,1],"scale":1.44180036,"type":"italy_rockface_boulder_2"}
{"pos":[-72.7103271,154.838089,370.904755],"rotationMatrix":[-0.99452424,0.104505673,0,-0.104505673,-0.99452424,0,0,0,1],"scale":1.52324796,"type":"italy_rockface_boulder_2"}
{"pos":[-79.4281311,165.73085,370.776886],"rotationMatrix":[-0.999970853,0.00762416283,0,-0.00762416283,-0.999970853,0,0,0,1],"scale":1.96904492,"type":"italy_rockface_boulder_2"}
{"pos":[-68.2857056,158.433243,366.803497],"rotationMatrix":[0.474421263,-0.880297899,0,0.880297899,0.474421263,0,0,0,1],"scale":1.23802257,"type":"italy_rockface_boulder_2"}
{"pos":[-63.6070595,156.284561,367.661652],"rotationMatrix":[0.266147882,-0.963932216,0,0.963932216,0.266147882,0,0,0,1],"scale":1.73854804,"type":"italy_rockface_boulder_2"}
{"pos":[-61.4631805,152.459137,367.333893],"rotationMatrix":[0.998644769,0.0520445332,0,-0.0520445332,0.998644769,0,0,0,1],"scale":1.93384767,"type":"italy_rockface_boulder_2"}
{"pos":[-73.7933807,167.727158,363.418976],"rotationMatrix":[0.234041393,0.97222662,0,-0.97222662,0.234041393,0,0,0,1],"scale":1.09996772,"type":"italy_rockface_boulder_2"}
{"pos":[-56.7410889,157.679718,367.777679],"rotationMatrix":[0.333279252,0.942828238,0,-0.942828238,0.333279252,0,0,0,1],"scale":1.1089375,"type":"italy_rockface_boulder_2"}
{"pos":[-75.8220444,155.755829,373.331329],"rotationMatrix":[-0.962996125,0.269515336,0,-0.269515336,-0.962996125,0,0,0,1],"scale":1.57660472,"type":"italy_rockface_boulder_2"}
{"pos":[-72.9235077,151.506546,372.91626],"rotationMatrix":[0.866314888,0.499498338,0,-0.499498338,0.866314888,0,0,0,1],"scale":1.65905404,"type":"italy_rockface_boulder_2"}
{"pos":[-75.8585129,151.900726,372.176331],"rotationMatrix":[0.342210203,-0.939623415,0,0.939623415,0.342210203,0,0,0,1],"scale":1.72410417,"type":"italy_rockface_boulder_2"}
{"pos":[-62.7903786,148.990875,369.639221],"rotationMatrix":[-0.75002414,0.661410332,0,-0.661410332,-0.75002414,0,0,0,1],"scale":1.795753,"type":"italy_rockface_boulder_2"}
{"pos":[-86.7069397,148.263397,380.121277],"rotationMatrix":[-0.625415742,0.780291557,0,-0.780291557,-0.625415742,0,0,0,1],"scale":1.37948549,"type":"italy_rockface_boulder_2"}
{"pos":[-77.0542374,135.167572,381.675232],"rotationMatrix":[-0.908594131,0.417680204,0,-0.417680204,-0.908594131,0,0,0,1],"scale":1.48314595,"type":"italy_rockface_boulder_2"}
{"pos":[-79.2557144,136.879547,382.665558],"rotationMatrix":[0.972718716,-0.231987357,0,0.231987357,0.972718716,0,0,0,1],"scale":1.11059439,"type":"italy_rockface_boulder_2"}
{"pos":[-73.7830963,135.218399,382.485596],"rotationMatrix":[0.642546177,-0.766247034,0,0.766247034,0.642546177,0,0,0,1],"scale":1.36834872,"type":"italy_rockface_boulder_2"}
{"pos":[-83.9291229,151.974976,377.018219],"rotationMatrix":[-0.119899862,0.992785931,0,-0.992785931,-0.119899862,0,0,0,1],"scale":1.12872446,"type":"italy_rockface_boulder_2"}
{"pos":[-66.3673706,140.447937,379.27121],"rotationMatrix":[0.712714434,-0.701454282,0,0.701454282,0.712714434,0,0,0,1],"scale":1.20943105,"type":"italy_rockface_boulder_2"}
{"pos":[-87.3312988,108.836655,395.356049],"rotationMatrix":[0.382029891,0.92415005,0,-0.92415005,0.382029891,0,0,0,1],"scale":1.93230295,"type":"italy_rockface_boulder_2"}
{"pos":[-80.4635696,118.708992,391.008667],"rotationMatrix":[0.764091849,0.645107567,0,-0.645107567,0.764091849,0,0,0,1],"scale":1.62952697,"type":"italy_rockface_boulder_2"}
{"pos":[-84.9124603,127.248627,386.281677],"rotationMatrix":[-0.994277596,0.106826723,0,-0.106826723,-0.994277596,0,0,0,1],"scale":1.87779474,"type":"italy_rockface_boulder_2"}
{"pos":[-95.1946106,124.189438,391.008118],"rotationMatrix":[0.561027706,-0.827796996,0,0.827796996,0.561027706,0,0,0,1],"scale":1.00612903,"type":"italy_rockface_boulder_2"}
{"pos":[-92.1971436,123.62738,390.87149],"rotationMatrix":[-0.962822914,-0.270133406,0,0.270133406,-0.962822914,0,0,0,1],"scale":1.15421188,"type":"italy_rockface_boulder_2"}
{"pos":[-83.2138519,115.796867,391.030701],"rotationMatrix":[0.245945737,0.96928364,0,-0.96928364,0.245945737,0,0,0,1],"scale":1.64771509,"type":"italy_rockface_boulder_2"}
{"pos":[-87.9537201,126.744011,389.018158],"rotationMatrix":[0.714700401,-0.699430704,0,0.699430704,0.714700401,0,0,0,1],"scale":1.15342307,"type":"italy_rockface_boulder_2"}
{"pos":[-94.8813934,117.375275,393.378967],"rotationMatrix":[0.899335146,0.437260032,0,-0.437260032,0.899335146,0,0,0,1],"scale":1.51118922,"type":"italy_rockface_boulder_2"}
{"pos":[-85.3891373,130.626617,385.749847],"rotationMatrix":[0.922824502,-0.385220528,0,0.385220528,0.922824502,0,0,0,1],"scale":1.51735783,"type":"italy_rockface_boulder_2"}
{"pos":[-87.8412933,119.240356,390.574615],"rotationMatrix":[0.144260436,0.989539742,0,-0.989539742,0.144260436,0,0,0,1],"scale":1.08556557,"type":"italy_rockface_boulder_2"}
{"pos":[-82.9258957,118.35994,390.463318],"rotationMatrix":[0.305617243,0.952154517,0,-0.952154517,0.305617243,0,0,0,1],"scale":1.42965198,"type":"italy_rockface_boulder_2"}
{"pos":[-74.4184647,113.725014,400.610748],"rotationMatrix":[-0.228157967,0.973624051,0,-0.973624051,-0.228157967,0,0,0,1],"scale":1.16046429,"type":"italy_rockface_boulder_2"}
{"pos":[-80.3725052,130.139221,386.502045],"rotationMatrix":[0.265452147,-0.964123964,0,0.964123964,0.265452147,0,0,0,1],"scale":1.37971997,"type":"italy_rockface_boulder_2"}
{"pos":[-97.5848007,118.499825,395.46875],"rotationMatrix":[0.286362618,-0.9581213,0,0.9581213,0.286362618,0,0,0,1],"scale":1.42613196,"type":"italy_rockface_boulder_2"}
{"pos":[-93.0698776,127.768944,389.640656],"rotationMatrix":[0.447512478,0.894277811,0,-0.894277811,0.447512478,0,0,0,1],"scale":1.70253205,"type":"italy_rockface_boulder_2"}
{"pos":[-92.9373016,129.937775,389.148773],"rotationMatrix":[0.629475176,-0.777020574,0,0.777020574,0.629475176,0,0,0,1],"scale":1.43590546,"type":"italy_rockface_boulder_2"}
{"pos":[-89.557579,109.313492,395.902283],"rotationMatrix":[-0.985630631,0.168915093,0,-0.168915093,-0.985630631,0,0,0,1],"scale":1.26103854,"type":"italy_rockface_boulder_2"}
{"pos":[-93.923645,102.865822,399.138611],"rotationMatrix":[0.344756097,-0.938692212,0,0.938692212,0.344756097,0,0,0,1],"scale":1.77571738,"type":"italy_rockface_boulder_2"}
{"pos":[-105.279907,107.080132,401.633026],"rotationMatrix":[0.673205376,0.73945564,0,-0.73945564,0.673205376,0,0,0,1],"scale":1.64018381,"type":"italy_rockface_boulder_2"}
{"pos":[-101.747803,104.233681,400.44162],"rotationMatrix":[-0.933350086,0.358967453,0,-0.358967453,-0.933350086,0,0,0,1],"scale":1.48899722,"type":"italy_rockface_boulder_2"}
{"pos":[-90.651001,83.6099701,416.146179],"rotationMatrix":[-0.467091471,-0.884209037,0,0.884209037,-0.467091471,0,0,0,1],"scale":1.63822162,"type":"italy_rockface_boulder_2"}
{"pos":[-95,81.7535172,415.943787],"rotationMatrix":[0.732496262,0.680771112,0,-0.680771112,0.732496262,0,0,0,1],"scale":1.8121953,"type":"italy_rockface_boulder_2"}
{"pos":[-103.842537,91.4750443,405.08493],"rotationMatrix":[0.929549575,0.368697286,0,-0.368697286,0.929549575,0,0,0,1],"scale":1.88887084,"type":"italy_rockface_boulder_2"}
{"pos":[-107.631203,87.4021301,412.561584],"rotationMatrix":[0.638262749,-0.769818604,0,0.769818604,0.638262749,0,0,0,1],"scale":1.03061759,"type":"italy_rockface_boulder_2"}
{"pos":[-94.4315643,89.7991333,408.965607],"rotationMatrix":[0.994476795,-0.104955971,0,0.104955971,0.994476795,0,0,0,1],"scale":1.33643436,"type":"italy_rockface_boulder_2"}
{"pos":[-92.7746429,91.5548096,408.59024],"rotationMatrix":[0.974676669,-0.223618716,0,0.223618716,0.974676669,0,0,0,1],"scale":1.28374159,"type":"italy_rockface_boulder_2"}
{"pos":[-102.701897,97.4849472,402.222321],"rotationMatrix":[-0.999999464,0.000941125443,0,-0.000941125443,-0.999999464,0,0,0,1],"scale":1.10615182,"type":"italy_rockface_boulder_2"}
{"pos":[-64.60392,128.17041,394.475128],"rotationMatrix":[0.871284008,-0.490779072,0,0.490779072,0.871284008,0,0,0,1],"scale":1.50329924,"type":"italy_rockface_boulder_2"}
{"pos":[-66.3089066,134.454086,386.202087],"rotationMatrix":[0.454168409,0.89091593,0,-0.89091593,0.454168409,0,0,0,1],"scale":1.83500481,"type":"italy_rockface_boulder_2"}
{"pos":[-71.9550781,133.278458,383.782043],"rotationMatrix":[-0.422232509,0.906487465,0,-0.906487465,-0.422232509,0,0,0,1],"scale":1.64672542,"type":"italy_rockface_boulder_2"}
{"pos":[-81.6678772,124.973763,387.823578],"rotationMatrix":[-0.934166729,0.356836706,0,-0.356836706,-0.934166729,0,0,0,1],"scale":1.07265055,"type":"italy_rockface_boulder_2"}
