{"pos":[-131.807419,706.574219,79.370903],"rotationMatrix":[0.3149575,0.949105859,0,-0.949105859,0.3149575,0,0,0,1],"scale":1,"type":"italy_rockface_boulder_4"}
{"pos":[-136.589172,694.701782,80.9950027],"rotationMatrix":[0.397801876,-0.91747129,0,0.91747129,0.397801876,0,0,0,1],"scale":1,"type":"italy_rockface_boulder_4"}
{"pos":[-132.84079,696.71521,81.7961273],"rotationMatrix":[0.128676459,0.991686583,0,-0.991686583,0.128676459,0,0,0,1],"scale":1,"type":"italy_rockface_boulder_4"}
{"pos":[-141.558243,702.429749,78.8125],"rotationMatrix":[-0.999034762,0.0439248234,0,-0.0439248234,-0.999034762,0,0,0,1],"scale":1,"type":"italy_rockface_boulder_4"}
{"pos":[-125.860031,707.349792,83.9499969],"rotationMatrix":[-0.49946779,-0.866332531,0,0.866332531,-0.49946779,0,0,0,1],"scale":1,"type":"italy_rockface_boulder_4"}
{"pos":[-139.19986,758.17865,64.007309],"rotationMatrix":[-0.615388155,0.788224101,0,-0.788224101,-0.615388155,0,0,0,1],"scale":1,"type":"italy_rockface_boulder_4"}
{"pos":[-135.284058,771.06604,58.5261765],"rotationMatrix":[-0.952219963,0.305413067,0,-0.305413067,-0.952219963,0,0,0,1],"scale":1,"type":"italy_rockface_boulder_4"}
{"pos":[-130.604462,769.115723,60.3564301],"rotationMatrix":[-0.337013632,-0.94149977,0,0.94149977,-0.337013632,0,0,0,1],"scale":1,"type":"italy_rockface_boulder_4"}
{"pos":[-141.24205,762.983643,62],"rotationMatrix":[-0.632000148,-0.774968386,0,0.774968386,-0.632000148,0,0,0,1],"scale":1.44421077,"type":"italy_rockface_boulder_4"}
{"pos":[-147.709106,767.182373,62.1008301],"rotationMatrix":[-0.940217018,0.340576053,0,-0.340576053,-0.940217018,0,0,0,1],"scale":1,"type":"italy_rockface_boulder_4"}
{"pos":[-125.983429,762.815247,65.3981781],"rotationMatrix":[0.903735518,0.428091377,0,-0.428091377,0.903735518,0,0,0,1],"scale":1,"type":"italy_rockface_boulder_4"}
{"pos":[-136.552795,762.148987,62.2393646],"rotationMatrix":[-0.778127193,-0.628106833,0,0.628106833,-0.778127193,0,0,0,1],"scale":1,"type":"italy_rockface_boulder_4"}
{"pos":[-123.842651,769.340393,65.3832855],"rotationMatrix":[0.621231735,-0.783626914,0,0.783626914,0.621231735,0,0,0,1],"scale":1,"type":"italy_rockface_boulder_4"}
{"pos":[-134.010712,758.796753,63.9503746],"rotationMatrix":[0.894029379,-0.448008388,0,0.448008388,0.894029379,0,0,0,1],"scale":1,"type":"italy_rockface_boulder_4"}
{"pos":[-143.310196,758.366943,64.2023926],"rotationMatrix":[0.0683581457,-0.997660816,0,0.997660816,0.0683581457,0,0,0,1],"scale":1,"type":"italy_rockface_boulder_4"}
{"pos":[-145.299408,802.571472,47.2850838],"rotationMatrix":[-0.832223415,-0.554440498,0,0.554440498,-0.832223415,0,0,0,1],"scale":1,"type":"italy_rockface_boulder_4"}
{"pos":[-138.42897,802.036804,46.3424301],"rotationMatrix":[0.702547789,0.711636662,0,-0.711636662,0.702547789,0,0,0,1],"scale":1,"type":"italy_rockface_boulder_4"}
{"pos":[-144.355377,792.869873,50.4262924],"rotationMatrix":[0.843845487,0.536586344,0,-0.536586344,0.843845487,0,0,0,1],"scale":1,"type":"italy_rockface_boulder_4"}
{"pos":[-129.284027,809.294861,47.717804],"rotationMatrix":[-0.882789671,0.469768524,0,-0.469768524,-0.882789671,0,0,0,1],"scale":1,"type":"italy_rockface_boulder_4"}
{"pos":[-131.91217,793.956055,50.5905838],"rotationMatrix":[-0.433289945,-0.901254535,0,0.901254535,-0.433289945,0,0,0,1],"scale":1,"type":"italy_rockface_boulder_4"}
{"pos":[-125.53788,798.71344,54.4860535],"rotationMatrix":[0.463118285,-0.886296511,0,0.886296511,0.463118285,0,0,0,1],"scale":1,"type":"italy_rockface_boulder_4"}
{"pos":[-133.583191,784.889465,54.893959],"rotationMatrix":[-0.935477197,-0.353387028,0,0.353387028,-0.935477197,0,0,0,1],"scale":1,"type":"italy_rockface_boulder_4"}
{"pos":[-129.496964,796.085144,51],"rotationMatrix":[-0.140914798,0.990021706,0,-0.990021706,-0.140914798,0,0,0,1],"scale":1,"type":"italy_rockface_boulder_4"}
{"pos":[-146.478897,782.586975,56.4873734],"rotationMatrix":[-0.0465432927,0.998916268,0,-0.998916268,-0.0465432927,0,0,0,1],"scale":1,"type":"italy_rockface_boulder_4"}
{"pos":[-129.949783,777.533997,57],"rotationMatrix":[-0.974612534,0.223898098,0,-0.223898098,-0.974612534,0,0,0,1],"scale":1.18982852,"type":"italy_rockface_boulder_4"}
{"pos":[-137.904465,775.001587,57.3090744],"rotationMatrix":[0.31380409,-0.949487686,0,0.949487686,0.31380409,0,0,0,1],"scale":1,"type":"italy_rockface_boulder_4"}
{"pos":[-135.895462,792.488525,50.3345261],"rotationMatrix":[-0.593600154,-0.804760098,0,0.804760098,-0.593600154,0,0,0,1],"scale":1,"type":"italy_rockface_boulder_4"}
{"pos":[-141.166565,783.066711,55.2916718],"rotationMatrix":[0.998072505,-0.0620588511,0,0.0620588511,0.998072505,0,0,0,1],"scale":1,"type":"italy_rockface_boulder_4"}
{"pos":[-149.156708,782.689514,57.634552],"rotationMatrix":[0.579815388,-0.81474787,0,0.81474787,0.579815388,0,0,0,1],"scale":1,"type":"italy_rockface_boulder_4"}
{"pos":[-128.556473,794.889526,52],"rotationMatrix":[0.95051825,-0.310668677,0,0.310668677,0.95051825,0,0,0,1],"scale":1,"type":"italy_rockface_boulder_4"}
{"pos":[-135.895462,792.488525,50],"rotationMatrix":[-0.593600154,-0.804760098,0,0.804760098,-0.593600154,0,0,0,1],"scale":1.26951599,"type":"italy_rockface_boulder_4"}
{"pos":[-138,789,52],"rotationMatrix":[-0.593600154,-0.804760098,0,0.804760098,-0.593600154,0,0,0,1],"scale":0.847472906,"type":"italy_rockface_boulder_4"}
{"pos":[-137,789,52],"rotationMatrix":[-0.199431062,0.697564185,0.688207924,-0.979911208,-0.141967937,-0.140063748,0,-0.702316642,0.71186471],"scale":1.26090455,"type":"italy_rockface_boulder_4"}
{"pos":[-132.949142,723.771606,75.2941284],"rotationMatrix":[0.739613771,0.673031628,0,-0.673031628,0.739613771,0,0,0,1],"scale":1,"type":"italy_rockface_boulder_4"}
{"pos":[-150.144989,727.241394,74.9625778],"rotationMatrix":[-0.516378164,-0.856360674,0,0.856360674,-0.516378164,0,0,0,1],"scale":1,"type":"italy_rockface_boulder_4"}
{"pos":[-153.751114,740.222839,76.7914352],"rotationMatrix":[0.949587643,0.313501775,0,-0.313501775,0.949587643,0,0,0,1],"scale":1,"type":"italy_rockface_boulder_4"}
{"pos":[-150.710709,723.10614,75.2829132],"rotationMatrix":[0.999663234,0.0259492509,0,-0.0259492509,0.999663234,0,0,0,1],"scale":1,"type":"italy_rockface_boulder_4"}
{"pos":[-127.11689,736.456787,76.0138245],"rotationMatrix":[0.273624092,0.961836755,0,-0.961836755,0.273624092,0,0,0,1],"scale":1,"type":"italy_rockface_boulder_4"}
{"pos":[-134.073837,730.097351,74.3421555],"rotationMatrix":[0.00642122002,0.999979436,0,-0.999979436,0.00642122002,0,0,0,1],"scale":1,"type":"italy_rockface_boulder_4"}
{"pos":[-132.449249,743.64502,69],"rotationMatrix":[0.822689772,-0.568490565,0,0.568490565,0.822689772,0,0,0,1],"scale":1.96889651,"type":"italy_rockface_boulder_4"}
{"pos":[-138.637772,748.98938,67.4408188],"rotationMatrix":[-0.719567358,0.694422483,0,-0.694422483,-0.719567358,0,0,0,1],"scale":1,"type":"italy_rockface_boulder_4"}
{"pos":[-136.404861,723.653076,74.1735764],"rotationMatrix":[-0.884183288,-0.467139989,0,0.467139989,-0.884183288,0,0,0,1],"scale":1,"type":"italy_rockface_boulder_4"}
{"pos":[-139.382645,736.977478,71.3008118],"rotationMatrix":[0.226920888,0.973913193,0,-0.973913193,0.226920888,0,0,0,1],"scale":1,"type":"italy_rockface_boulder_4"}
{"pos":[-131.067047,742.168823,70.5589905],"rotationMatrix":[-0.950234294,-0.311536252,0,0.311536252,-0.950234294,0,0,0,1],"scale":1,"type":"italy_rockface_boulder_4"}
{"pos":[-145.495621,725.269897,74.2266388],"rotationMatrix":[0.208541259,0.978013575,0,-0.978013575,0.208541259,0,0,0,1],"scale":1,"type":"italy_rockface_boulder_4"}
{"pos":[-146.010147,723.63739,74.1207886],"rotationMatrix":[0.162771583,0.986663759,0,-0.986663759,0.162771583,0,0,0,1],"scale":1,"type":"italy_rockface_boulder_4"}
{"pos":[-155.866028,735.768372,79.2699661],"rotationMatrix":[0.801657259,0.597784042,0,-0.597784042,0.801657259,0,0,0,1],"scale":1,"type":"italy_rockface_boulder_4"}
{"pos":[-124.892105,739.528076,76.7497559],"rotationMatrix":[-0.486240953,-0.873824835,0,0.873824835,-0.486240953,0,0,0,1],"scale":1,"type":"italy_rockface_boulder_4"}
{"pos":[-145.436081,735.812439,72.4392776],"rotationMatrix":[0.94731164,-0.320313334,0,0.320313334,0.94731164,0,0,0,1],"scale":1,"type":"italy_rockface_boulder_4"}
{"pos":[-143.832825,720.857361,73.7857666],"rotationMatrix":[0.993873954,0.110519022,0,-0.110519022,0.993873954,0,0,0,1],"scale":1,"type":"italy_rockface_boulder_4"}
{"pos":[-143.903152,717.750793,73.2576981],"rotationMatrix":[0.310988635,-0.950413585,0,0.950413585,0.310988635,0,0,0,1],"scale":1,"type":"italy_rockface_boulder_4"}
{"pos":[-128.065887,716.711792,81.0674515],"rotationMatrix":[0.768522322,-0.63982296,0,0.63982296,0.768522322,0,0,0,1],"scale":1,"type":"italy_rockface_boulder_4"}
{"pos":[-139.957031,710.051208,77.2243652],"rotationMatrix":[-0.719363689,0.694633663,0,-0.694633663,-0.719363689,0,0,0,1],"scale":1,"type":"italy_rockface_boulder_4"}
{"pos":[-141.665222,710.687805,76.9061279],"rotationMatrix":[-0.101078995,0.994878292,0,-0.994878292,-0.101078995,0,0,0,1],"scale":1,"type":"italy_rockface_boulder_4"}
{"pos":[-136.067566,707.273193,78.3990631],"rotationMatrix":[0.972889006,-0.23127237,0,0.23127237,0.972889006,0,0,0,1],"scale":1,"type":"italy_rockface_boulder_4"}
{"pos":[-149.335938,719.859314,74.9445801],"rotationMatrix":[-0.862201512,0.506565452,0,-0.506565452,-0.862201512,0,0,0,1],"scale":1,"type":"italy_rockface_boulder_4"}
{"pos":[-141.827347,724.757324,74.0097733],"rotationMatrix":[-0.493539363,-0.869723499,0,0.869723499,-0.493539363,0,0,0,1],"scale":1,"type":"italy_rockface_boulder_4"}
{"pos":[-135.248947,704.953796,78.9262543],"rotationMatrix":[0.276352346,0.961056471,0,-0.961056471,0.276352346,0,0,0,1],"scale":1,"type":"italy_rockface_boulder_4"}
{"pos":[-141.97522,714.428467,74.7589874],"rotationMatrix":[0.999478579,0.0322884843,0,-0.0322884843,0.999478579,0,0,0,1],"scale":1,"type":"italy_rockface_boulder_4"}
{"pos":[-151.887405,704.388428,79.1996613],"rotationMatrix":[-0.896633267,0.442774117,0,-0.442774117,-0.896633267,0,0,0,1],"scale":1,"type":"italy_rockface_boulder_4"}
{"pos":[-131.22316,716.339661,78.2549973],"rotationMatrix":[-0.974558949,-0.22413145,0,0.22413145,-0.974558949,0,0,0,1],"scale":1,"type":"italy_rockface_boulder_4"}
{"pos":[-153.793213,716.37677,78.1207581],"rotationMatrix":[-0.0448384732,0.998994291,0,-0.998994291,-0.0448384732,0,0,0,1],"scale":1,"type":"italy_rockface_boulder_4"}
{"pos":[-133.046127,701.601624,80.5492783],"rotationMatrix":[-0.998755753,0.0498677678,0,-0.0498677678,-0.998755753,0,0,0,1],"scale":1,"type":"italy_rockface_boulder_4"}
{"pos":[-147.27002,725.854675,74.4362183],"rotationMatrix":[0.818357229,0.574709952,0,-0.574709952,0.818357229,0,0,0,1],"scale":1,"type":"italy_rockface_boulder_4"}
{"pos":[-131,743,70],"rotationMatrix":[-0.957615376,-0.288048297,0,0.288048297,-0.957615376,0,0,0,1],"scale":1.96889651,"type":"italy_rockface_boulder_4"}
{"pos":[-136,743,69],"rotationMatrix":[-0.957615376,-0.288048297,0,0.288048297,-0.957615376,0,0,0,1],"scale":1.16417241,"type":"italy_rockface_boulder_4"}
{"pos":[-137,742,70],"rotationMatrix":[-0.957615376,-0.288048297,0,0.288048297,-0.957615376,0,0,0,1],"scale":1.16417241,"type":"italy_rockface_boulder_4"}
{"pos":[-136,742,70],"rotationMatrix":[0.992189765,0.124727428,0,-0.124727428,0.992189765,0,0,0,1],"scale":1.16417241,"type":"italy_rockface_boulder_4"}
{"pos":[-182.200226,644.899597,98.9625244],"rotationMatrix":[0.996032715,0.0889875665,0,-0.0889875665,0.996032715,0,0,0,1],"scale":1,"type":"italy_rockface_boulder_4"}
{"pos":[-181.449509,623.261047,110.829208],"rotationMatrix":[-0.978418708,0.206632465,0,-0.206632465,-0.978418708,0,0,0,1],"scale":1,"type":"italy_rockface_boulder_4"}
{"pos":[-254.15625,432.400909,228.283279],"rotationMatrix":[0.709218025,-0.704989195,0,0.704989195,0.709218025,0,0,0,1],"scale":1,"type":"italy_rockface_boulder_4"}
{"pos":[-238.872192,429.590698,227.649353],"rotationMatrix":[-0.113679506,-0.993517518,0,0.993517518,-0.113679506,0,0,0,1],"scale":1,"type":"italy_rockface_boulder_4"}
{"pos":[-243.128967,429.014954,227.2435],"rotationMatrix":[0.959171891,0.282823741,0,-0.282823741,0.959171891,0,0,0,1],"scale":1,"type":"italy_rockface_boulder_4"}
{"pos":[-276.388031,455.483704,237.140076],"rotationMatrix":[-0.644754827,-0.764389515,0,0.764389515,-0.644754827,0,0,0,1],"scale":1,"type":"italy_rockface_boulder_4"}
{"pos":[-261.287323,456.854858,237.076141],"rotationMatrix":[0.493547559,-0.86971879,0,0.86971879,0.493547559,0,0,0,1],"scale":1,"type":"italy_rockface_boulder_4"}
{"pos":[-274.233612,448.79303,238.411057],"rotationMatrix":[-0.923565626,-0.383440435,0,0.383440435,-0.923565626,0,0,0,1],"scale":1,"type":"italy_rockface_boulder_4"}
{"pos":[-249.829849,455.247589,234.848007],"rotationMatrix":[-0.955082595,-0.296339929,0,0.296339929,-0.955082595,0,0,0,1],"scale":1,"type":"italy_rockface_boulder_4"}
{"pos":[-249.948318,443.923431,233.994537],"rotationMatrix":[0.661826253,-0.749657214,0,0.749657214,0.661826253,0,0,0,1],"scale":1,"type":"italy_rockface_boulder_4"}
{"pos":[-264,440.677673,236.068726],"rotationMatrix":[-0.0910923481,-0.995842338,0,0.995842338,-0.0910923481,0,0,0,1],"scale":1.28894043,"type":"italy_rockface_boulder_4"}
{"pos":[-255.870895,444.562073,234],"rotationMatrix":[0.609623432,-0.666567802,-0.429006189,0.790531158,0.551154017,0.267000616,0.0584744848,-0.501912475,0.862939358],"scale":1.4981885,"type":"italy_rockface_boulder_4"}
{"pos":[-260.626526,436.968658,233.336884],"rotationMatrix":[-0.228050262,0.973649263,0,-0.973649263,-0.228050262,0,0,0,1],"scale":1,"type":"italy_rockface_boulder_4"}
{"pos":[-322.292328,438.925751,223.779297],"rotationMatrix":[0.7628178,-0.646613538,0,0.646613538,0.7628178,0,0,0,1],"scale":1,"type":"italy_rockface_boulder_4"}
{"pos":[-324.709045,441.622803,224.650085],"rotationMatrix":[0.376677334,0.926344633,0,-0.926344633,0.376677334,0,0,0,1],"scale":1,"type":"italy_rockface_boulder_4"}
{"pos":[-335.067841,440.963348,216.809143],"rotationMatrix":[-0.944803596,0.327637374,0,-0.327637374,-0.944803596,0,0,0,1],"scale":1,"type":"italy_rockface_boulder_4"}
{"pos":[-318.053772,443.669128,226.674744],"rotationMatrix":[0.611691952,0.791096151,0,-0.791096151,0.611691952,0,0,0,1],"scale":1,"type":"italy_rockface_boulder_4"}
{"pos":[-314.046967,446.057404,229.976105],"rotationMatrix":[0.893588662,-0.448886633,0,0.448886633,0.893588662,0,0,0,1],"scale":1,"type":"italy_rockface_boulder_4"}
{"pos":[-146.057861,665.299255,91.628952],"rotationMatrix":[0.143820867,-0.989603698,0,0.989603698,0.143820867,0,0,0,1],"scale":1,"type":"italy_rockface_boulder_4"}
{"pos":[-139.302994,669.292297,91.1472702],"rotationMatrix":[-0.530304611,-0.847807229,0,0.847807229,-0.530304611,0,0,0,1],"scale":1,"type":"italy_rockface_boulder_4"}
{"pos":[-148.684937,667.889465,90.9261475],"rotationMatrix":[-0.976981282,-0.213325128,0,0.213325128,-0.976981282,0,0,0,1],"scale":1,"type":"italy_rockface_boulder_4"}
{"pos":[-143.205475,668.302307,90.5171204],"rotationMatrix":[0.634884298,0.772607327,0,-0.772607327,0.634884298,0,0,0,1],"scale":1,"type":"italy_rockface_boulder_4"}
{"pos":[-147.361069,669.202698,89.8842316],"rotationMatrix":[0.997005284,0.0773332343,0,-0.0773332343,0.997005284,0,0,0,1],"scale":1,"type":"italy_rockface_boulder_4"}
{"pos":[-150.021332,674.197632,86.5789337],"rotationMatrix":[-0.502408624,-0.864630342,0,0.864630342,-0.502408624,0,0,0,1],"scale":1,"type":"italy_rockface_boulder_4"}
{"pos":[-137.262711,674.492126,91.1238174],"rotationMatrix":[0.775681615,-0.631124318,0,0.631124318,0.775681615,0,0,0,1],"scale":1,"type":"italy_rockface_boulder_4"}
{"pos":[-145.203125,675.837769,86.1237183],"rotationMatrix":[0.976047277,0.217558637,0,-0.217558637,0.976047277,0,0,0,1],"scale":1,"type":"italy_rockface_boulder_4"}
{"pos":[-146.231369,684.185486,84.2268066],"rotationMatrix":[0.995644391,-0.0932320654,0,0.0932320654,0.995644391,0,0,0,1],"scale":1,"type":"italy_rockface_boulder_4"}
{"pos":[-141.692978,675.952881,86.7073135],"rotationMatrix":[0.999822795,0.0188237671,0,-0.0188237671,0.999822795,0,0,0,1],"scale":1,"type":"italy_rockface_boulder_4"}
{"pos":[-142.240982,680.601868,86.1035767],"rotationMatrix":[0.0866604149,-0.996237874,0,0.996237874,0.0866604149,0,0,0,1],"scale":1,"type":"italy_rockface_boulder_4"}
{"pos":[-150.012161,671.606323,88.4051056],"rotationMatrix":[0.924731791,0.380619407,0,-0.380619407,0.924731791,0,0,0,1],"scale":1,"type":"italy_rockface_boulder_4"}
{"pos":[-135.948135,648.488647,99],"rotationMatrix":[-0.694554269,0.719440162,0,-0.719440162,-0.694554269,0,0,0,1],"scale":1,"type":"italy_rockface_boulder_4"}
{"pos":[-141.162674,640.715881,105.209534],"rotationMatrix":[0.134685189,-0.990888417,0,0.990888417,0.134685189,0,0,0,1],"scale":1,"type":"italy_rockface_boulder_4"}
{"pos":[-137.393692,649.884399,97.904274],"rotationMatrix":[0.99772346,0.0674377531,0,-0.0674377531,0.99772346,0,0,0,1],"scale":1,"type":"italy_rockface_boulder_4"}
{"pos":[-133.926254,652.228516,96.3989716],"rotationMatrix":[-0.84946382,0.52764678,0,-0.52764678,-0.84946382,0,0,0,1],"scale":1,"type":"italy_rockface_boulder_4"}
{"pos":[-146.079987,651.570862,97.7044449],"rotationMatrix":[0.988594294,-0.150602743,0,0.150602743,0.988594294,0,0,0,1],"scale":1,"type":"italy_rockface_boulder_4"}
{"pos":[-132.877289,642,103],"rotationMatrix":[0.914214313,0.394747078,0.0915732309,0.392781287,-0.918789744,0.0393433496,0.0996672362,0,-0.995020151],"scale":1.72111499,"type":"italy_rockface_boulder_4"}
{"pos":[-129.640747,648.65387,101.787933],"rotationMatrix":[0.376444966,0.926439047,0,-0.926439047,0.376444966,0,0,0,1],"scale":1,"type":"italy_rockface_boulder_4"}
{"pos":[-141.928848,657.602173,92.460434],"rotationMatrix":[0.650117159,-0.759834051,0,0.759834051,0.650117159,0,0,0,1],"scale":1,"type":"italy_rockface_boulder_4"}
{"pos":[-137.865387,639.156494,105.815384],"rotationMatrix":[-0.908540726,-0.417796165,0,0.417796165,-0.908540726,0,0,0,1],"scale":1,"type":"italy_rockface_boulder_4"}
{"pos":[-137.026855,641.282166,104.033638],"rotationMatrix":[-0.932066619,-0.362286896,0,0.362286896,-0.932066619,0,0,0,1],"scale":1,"type":"italy_rockface_boulder_4"}
{"pos":[-126.503174,650.998779,105.729507],"rotationMatrix":[-0.251243979,-0.96792376,0,0.96792376,-0.251243979,0,0,0,1],"scale":1,"type":"italy_rockface_boulder_4"}
