{"pos":[-131.807419,706.574219,79.370903],"rotationMatrix":[0.3149575,0.949105859,0,-0.949105859,0.3149575,0,0,0,1],"scale":1,"type":"italy_rockface_boulder_4"}
{"pos":[-136.589172,694.701782,80.9950027],"rotationMatrix":[0.397801876,-0.91747129,0,0.91747129,0.397801876,0,0,0,1],"scale":1,"type":"italy_rockface_boulder_4"}
{"pos":[-132.84079,696.71521,81.7961273],"rotationMatrix":[0.128676459,0.991686583,0,-0.991686583,0.128676459,0,0,0,1],"scale":1,"type":"italy_rockface_boulder_4"}
{"pos":[-141.558243,702.429749,78.8125],"rotationMatrix":[-0.999034762,0.0439248234,0,-0.0439248234,-0.999034762,0,0,0,1],"scale":1,"type":"italy_rockface_boulder_4"}
{"pos":[-125.860031,707.349792,83.9499969],"rotationMatrix":[-0.49946779,-0.866332531,0,0.866332531,-0.49946779,0,0,0,1],"scale":1,"type":"italy_rockface_boulder_4"}
{"pos":[-139.19986,758.17865,64.007309],"rotationMatrix":[-0.615388155,0.788224101,0,-0.788224101,-0.615388155,0,0,0,1],"scale":1,"type":"italy_rockface_boulder_4"}
{"pos":[-135.284058,771.06604,58.5261765],"rotationMatrix":[-0.952219963,0.305413067,0,-0.305413067,-0.952219963,0,0,0,1],"scale":1,"type":"italy_rockface_boulder_4"}
{"pos":[-130.604462,769.115723,60.3564301],"rotationMatrix":[-0.337013632,-0.94149977,0,0.94149977,-0.337013632,0,0,0,1],"scale":1,"type":"italy_rockface_boulder_4"}
{"pos":[-141.24205,762.983643,62],"rotationMatrix":[-0.632000148,-0.774968386,0,0.774968386,-0.632000148,0,0,0,1],"scale":1.44421077,"type":"italy_rockface_boulder_4"}
{"pos":[-147.709106,767.182373,62.1008301],"rotationMatrix":[-0.940217018,0.340576053,0,-0.340576053,-0.940217018,0,0,0,1],"scale":1,"type":"italy_rockface_boulder_4"}
{"pos":[-125.983429,762.815247,65.3981781],"rotationMatrix":[0.903735518,0.428091377,0,-0.428091377,0.903735518,0,0,0,1],"scale":1,"type":"italy_rockface_boulder_4"}
{"pos":[-136.552795,762.148987,62.2393646],"rotationMatrix":[-0.778127193,-0.628106833,0,0.628106833,-0.778127193,0,0,0,1],"scale":1,"type":"italy_rockface_boulder_4"}
{"pos":[-123.842651,769.340393,65.3832855],"rotationMatrix":[0.621231735,-0.783626914,0,0.783626914,0.621231735,0,0,0,1],"scale":1,"type":"italy_rockface_boulder_4"}
{"pos":[-134.010712,758.796753,63.9503746],"rotationMatrix":[0.894029379,-0.448008388,0,0.448008388,0.894029379,0,0,0,1],"scale":1,"type":"italy_rockface_boulder_4"}
{"pos":[-143.310196,758.366943,64.2023926],"rotationMatrix":[0.0683581457,-0.997660816,0,0.997660816,0.0683581457,0,0,0,1],"scale":1,"type":"italy_rockface_boulder_4"}
{"pos":[-145.299408,802.571472,47.2850838],"rotationMatrix":[-0.832223415,-0.554440498,0,0.554440498,-0.832223415,0,0,0,1],"scale":1,"type":"italy_rockface_boulder_4"}
{"pos":[-138.42897,802.036804,46.3424301],"rotationMatrix":[0.702547789,0.711636662,0,-0.711636662,0.702547789,0,0,0,1],"scale":1,"type":"italy_rockface_boulder_4"}
{"pos":[-144.355377,792.869873,50.4262924],"rotationMatrix":[0.843845487,0.536586344,0,-0.536586344,0.843845487,0,0,0,1],"scale":1,"type":"italy_rockface_boulder_4"}
{"pos":[-129.284027,809.294861,47.717804],"rotationMatrix":[-0.882789671,0.469768524,0,-0.469768524,-0.882789671,0,0,0,1],"scale":1,"type":"italy_rockface_boulder_4"}
{"pos":[-131.91217,793.956055,50.5905838],"rotationMatrix":[-0.433289945,-0.901254535,0,0.901254535,-0.433289945,0,0,0,1],"scale":1,"type":"italy_rockface_boulder_4"}
{"pos":[-125.53788,798.71344,54.4860535],"rotationMatrix":[0.463118285,-0.886296511,0,0.886296511,0.463118285,0,0,0,1],"scale":1,"type":"italy_rockface_boulder_4"}
{"pos":[-133.583191,784.889465,54.893959],"rotationMatrix":[-0.935477197,-0.353387028,0,0.353387028,-0.935477197,0,0,0,1],"scale":1,"type":"italy_rockface_boulder_4"}
{"pos":[-129.496964,796.085144,51],"rotationMatrix":[-0.140914798,0.990021706,0,-0.990021706,-0.140914798,0,0,0,1],"scale":1,"type":"italy_rockface_boulder_4"}
{"pos":[-146.478897,782.586975,56.4873734],"rotationMatrix":[-0.0465432927,0.998916268,0,-0.998916268,-0.0465432927,0,0,0,1],"scale":1,"type":"italy_rockface_boulder_4"}
{"pos":[-129.949783,777.533997,57],"rotationMatrix":[-0.974612534,0.223898098,0,-0.223898098,-0.974612534,0,0,0,1],"scale":1.18982852,"type":"italy_rockface_boulder_4"}
{"pos":[-137.904465,775.001587,57.3090744],"rotationMatrix":[0.31380409,-0.949487686,0,0.949487686,0.31380409,0,0,0,1],"scale":1,"type":"italy_rockface_boulder_4"}
{"pos":[-135.895462,792.488525,50.3345261],"rotationMatrix":[-0.593600154,-0.804760098,0,0.804760098,-0.593600154,0,0,0,1],"scale":1,"type":"italy_rockface_boulder_4"}
{"pos":[-141.166565,783.066711,55.2916718],"rotationMatrix":[0.998072505,-0.0620588511,0,0.0620588511,0.998072505,0,0,0,1],"scale":1,"type":"italy_rockface_boulder_4"}
{"pos":[-149.156708,782.689514,57.634552],"rotationMatrix":[0.579815388,-0.81474787,0,0.81474787,0.579815388,0,0,0,1],"scale":1,"type":"italy_rockface_boulder_4"}
{"pos":[-128.556473,794.889526,52],"rotationMatrix":[0.95051825,-0.310668677,0,0.310668677,0.95051825,0,0,0,1],"scale":1,"type":"italy_rockface_boulder_4"}
{"pos":[-135.895462,792.488525,50],"rotationMatrix":[-0.593600154,-0.804760098,0,0.804760098,-0.593600154,0,0,0,1],"scale":1.26951599,"type":"italy_rockface_boulder_4"}
{"pos":[-138,789,52],"rotationMatrix":[-0.593600154,-0.804760098,0,0.804760098,-0.593600154,0,0,0,1],"scale":0.847472906,"type":"italy_rockface_boulder_4"}
{"pos":[-137,789,52],"rotationMatrix":[-0.199431062,0.697564185,0.688207924,-0.979911208,-0.141967937,-0.140063748,0,-0.702316642,0.71186471],"scale":1.26090455,"type":"italy_rockface_boulder_4"}
{"pos":[-132.949142,723.771606,75.2941284],"rotationMatrix":[0.739613771,0.673031628,0,-0.673031628,0.739613771,0,0,0,1],"scale":1,"type":"italy_rockface_boulder_4"}
{"pos":[-150.144989,727.241394,74.9625778],"rotationMatrix":[-0.516378164,-0.856360674,0,0.856360674,-0.516378164,0,0,0,1],"scale":1,"type":"italy_rockface_boulder_4"}
{"pos":[-153.751114,740.222839,76.7914352],"rotationMatrix":[0.949587643,0.313501775,0,-0.313501775,0.949587643,0,0,0,1],"scale":1,"type":"italy_rockface_boulder_4"}
{"pos":[-150.710709,723.10614,75.2829132],"rotationMatrix":[0.999663234,0.0259492509,0,-0.0259492509,0.999663234,0,0,0,1],"scale":1,"type":"italy_rockface_boulder_4"}
{"pos":[-127.11689,736.456787,76.0138245],"rotationMatrix":[0.273624092,0.961836755,0,-0.961836755,0.273624092,0,0,0,1],"scale":1,"type":"italy_rockface_boulder_4"}
{"pos":[-134.073837,730.097351,74.3421555],"rotationMatrix":[0.00642122002,0.999979436,0,-0.999979436,0.00642122002,0,0,0,1],"scale":1,"type":"italy_rockface_boulder_4"}
{"pos":[-132.449249,743.64502,69],"rotationMatrix":[0.822689772,-0.568490565,0,0.568490565,0.822689772,0,0,0,1],"scale":1.96889651,"type":"italy_rockface_boulder_4"}
{"pos":[-138.637772,748.98938,67.4408188],"rotationMatrix":[-0.719567358,0.694422483,0,-0.694422483,-0.719567358,0,0,0,1],"scale":1,"type":"italy_rockface_boulder_4"}
{"pos":[-136.404861,723.653076,74.1735764],"rotationMatrix":[-0.884183288,-0.467139989,0,0.467139989,-0.884183288,0,0,0,1],"scale":1,"type":"italy_rockface_boulder_4"}
{"pos":[-139.382645,736.977478,71.3008118],"rotationMatrix":[0.226920888,0.973913193,0,-0.973913193,0.226920888,0,0,0,1],"scale":1,"type":"italy_rockface_boulder_4"}
{"pos":[-131.067047,742.168823,70.5589905],"rotationMatrix":[-0.950234294,-0.311536252,0,0.311536252,-0.950234294,0,0,0,1],"scale":1,"type":"italy_rockface_boulder_4"}
{"pos":[-145.495621,725.269897,74.2266388],"rotationMatrix":[0.208541259,0.978013575,0,-0.978013575,0.208541259,0,0,0,1],"scale":1,"type":"italy_rockface_boulder_4"}
{"pos":[-146.010147,723.63739,74.1207886],"rotationMatrix":[0.162771583,0.986663759,0,-0.986663759,0.162771583,0,0,0,1],"scale":1,"type":"italy_rockface_boulder_4"}
{"pos":[-155.866028,735.768372,79.2699661],"rotationMatrix":[0.801657259,0.597784042,0,-0.597784042,0.801657259,0,0,0,1],"scale":1,"type":"italy_rockface_boulder_4"}
{"pos":[-124.892105,739.528076,76.7497559],"rotationMatrix":[-0.486240953,-0.873824835,0,0.873824835,-0.486240953,0,0,0,1],"scale":1,"type":"italy_rockface_boulder_4"}
{"pos":[-145.436081,735.812439,72.4392776],"rotationMatrix":[0.94731164,-0.320313334,0,0.320313334,0.94731164,0,0,0,1],"scale":1,"type":"italy_rockface_boulder_4"}
{"pos":[-143.832825,720.857361,73.7857666],"rotationMatrix":[0.993873954,0.110519022,0,-0.110519022,0.993873954,0,0,0,1],"scale":1,"type":"italy_rockface_boulder_4"}
{"pos":[-143.903152,717.750793,73.2576981],"rotationMatrix":[0.310988635,-0.950413585,0,0.950413585,0.310988635,0,0,0,1],"scale":1,"type":"italy_rockface_boulder_4"}
{"pos":[-128.065887,716.711792,81.0674515],"rotationMatrix":[0.768522322,-0.63982296,0,0.63982296,0.768522322,0,0,0,1],"scale":1,"type":"italy_rockface_boulder_4"}
{"pos":[-139.957031,710.051208,77.2243652],"rotationMatrix":[-0.719363689,0.694633663,0,-0.694633663,-0.719363689,0,0,0,1],"scale":1,"type":"italy_rockface_boulder_4"}
{"pos":[-141.665222,710.687805,76.9061279],"rotationMatrix":[-0.101078995,0.994878292,0,-0.994878292,-0.101078995,0,0,0,1],"scale":1,"type":"italy_rockface_boulder_4"}
{"pos":[-136.067566,707.273193,78.3990631],"rotationMatrix":[0.972889006,-0.23127237,0,0.23127237,0.972889006,0,0,0,1],"scale":1,"type":"italy_rockface_boulder_4"}
{"pos":[-149.335938,719.859314,74.9445801],"rotationMatrix":[-0.862201512,0.506565452,0,-0.506565452,-0.862201512,0,0,0,1],"scale":1,"type":"italy_rockface_boulder_4"}
{"pos":[-141.827347,724.757324,74.0097733],"rotationMatrix":[-0.493539363,-0.869723499,0,0.869723499,-0.493539363,0,0,0,1],"scale":1,"type":"italy_rockface_boulder_4"}
{"pos":[-135.248947,704.953796,78.9262543],"rotationMatrix":[0.276352346,0.961056471,0,-0.961056471,0.276352346,0,0,0,1],"scale":1,"type":"italy_rockface_boulder_4"}
{"pos":[-141.97522,714.428467,74.7589874],"rotationMatrix":[0.999478579,0.0322884843,0,-0.0322884843,0.999478579,0,0,0,1],"scale":1,"type":"italy_rockface_boulder_4"}
{"pos":[-151.887405,704.388428,79.1996613],"rotationMatrix":[-0.896633267,0.442774117,0,-0.442774117,-0.896633267,0,0,0,1],"scale":1,"type":"italy_rockface_boulder_4"}
{"pos":[-131.22316,716.339661,78.2549973],"rotationMatrix":[-0.974558949,-0.22413145,0,0.22413145,-0.974558949,0,0,0,1],"scale":1,"type":"italy_rockface_boulder_4"}
{"pos":[-153.793213,716.37677,78.1207581],"rotationMatrix":[-0.0448384732,0.998994291,0,-0.998994291,-0.0448384732,0,0,0,1],"scale":1,"type":"italy_rockface_boulder_4"}
{"pos":[-133.046127,701.601624,80.5492783],"rotationMatrix":[-0.998755753,0.0498677678,0,-0.0498677678,-0.998755753,0,0,0,1],"scale":1,"type":"italy_rockface_boulder_4"}
{"pos":[-147.27002,725.854675,74.4362183],"rotationMatrix":[0.818357229,0.574709952,0,-0.574709952,0.818357229,0,0,0,1],"scale":1,"type":"italy_rockface_boulder_4"}
{"pos":[-131,743,70],"rotationMatrix":[-0.957615376,-0.288048297,0,0.288048297,-0.957615376,0,0,0,1],"scale":1.96889651,"type":"italy_rockface_boulder_4"}
{"pos":[-136,743,69],"rotationMatrix":[-0.957615376,-0.288048297,0,0.288048297,-0.957615376,0,0,0,1],"scale":1.16417241,"type":"italy_rockface_boulder_4"}
{"pos":[-137,742,70],"rotationMatrix":[-0.957615376,-0.288048297,0,0.288048297,-0.957615376,0,0,0,1],"scale":1.16417241,"type":"italy_rockface_boulder_4"}
{"pos":[-136,742,70],"rotationMatrix":[0.992189765,0.124727428,0,-0.124727428,0.992189765,0,0,0,1],"scale":1.16417241,"type":"italy_rockface_boulder_4"}
{"pos":[-182.200226,644.899597,98.9625244],"rotationMatrix":[0.996032715,0.0889875665,0,-0.0889875665,0.996032715,0,0,0,1],"scale":1,"type":"italy_rockface_boulder_4"}
{"pos":[-181.449509,623.261047,110.829208],"rotationMatrix":[-0.978418708,0.206632465,0,-0.206632465,-0.978418708,0,0,0,1],"scale":1,"type":"italy_rockface_boulder_4"}
{"pos":[-254.15625,432.400909,228.283279],"rotationMatrix":[0.709218025,-0.704989195,0,0.704989195,0.709218025,0,0,0,1],"scale":1,"type":"italy_rockface_boulder_4"}
{"pos":[-238.872192,429.590698,227.649353],"rotationMatrix":[-0.113679506,-0.993517518,0,0.993517518,-0.113679506,0,0,0,1],"scale":1,"type":"italy_rockface_boulder_4"}
{"pos":[-243.128967,429.014954,227.2435],"rotationMatrix":[0.959171891,0.282823741,0,-0.282823741,0.959171891,0,0,0,1],"scale":1,"type":"italy_rockface_boulder_4"}
{"pos":[-276.388031,455.483704,237.140076],"rotationMatrix":[-0.644754827,-0.764389515,0,0.764389515,-0.644754827,0,0,0,1],"scale":1,"type":"italy_rockface_boulder_4"}
{"pos":[-261.287323,456.854858,237.076141],"rotationMatrix":[0.493547559,-0.86971879,0,0.86971879,0.493547559,0,0,0,1],"scale":1,"type":"italy_rockface_boulder_4"}
{"pos":[-274.233612,448.79303,238.411057],"rotationMatrix":[-0.923565626,-0.383440435,0,0.383440435,-0.923565626,0,0,0,1],"scale":1,"type":"italy_rockface_boulder_4"}
{"pos":[-249.829849,455.247589,234.848007],"rotationMatrix":[-0.955082595,-0.296339929,0,0.296339929,-0.955082595,0,0,0,1],"scale":1,"type":"italy_rockface_boulder_4"}
{"pos":[-249.948318,443.923431,233.994537],"rotationMatrix":[0.661826253,-0.749657214,0,0.749657214,0.661826253,0,0,0,1],"scale":1,"type":"italy_rockface_boulder_4"}
{"pos":[-264,440.677673,236.068726],"rotationMatrix":[-0.0910923481,-0.995842338,0,0.995842338,-0.0910923481,0,0,0,1],"scale":1.28894043,"type":"italy_rockface_boulder_4"}
{"pos":[-255.870895,444.562073,234],"rotationMatrix":[0.609623432,-0.666567802,-0.429006189,0.790531158,0.551154017,0.267000616,0.0584744848,-0.501912475,0.862939358],"scale":1.4981885,"type":"italy_rockface_boulder_4"}
{"pos":[-260.626526,436.968658,233.336884],"rotationMatrix":[-0.228050262,0.973649263,0,-0.973649263,-0.228050262,0,0,0,1],"scale":1,"type":"italy_rockface_boulder_4"}
{"pos":[-322.292328,438.925751,223.779297],"rotationMatrix":[0.7628178,-0.646613538,0,0.646613538,0.7628178,0,0,0,1],"scale":1,"type":"italy_rockface_boulder_4"}
{"pos":[-324.709045,441.622803,224.650085],"rotationMatrix":[0.376677334,0.926344633,0,-0.926344633,0.376677334,0,0,0,1],"scale":1,"type":"italy_rockface_boulder_4"}
{"pos":[-335.067841,440.963348,216.809143],"rotationMatrix":[-0.944803596,0.327637374,0,-0.327637374,-0.944803596,0,0,0,1],"scale":1,"type":"italy_rockface_boulder_4"}
{"pos":[-318.053772,443.669128,226.674744],"rotationMatrix":[0.611691952,0.791096151,0,-0.791096151,0.611691952,0,0,0,1],"scale":1,"type":"italy_rockface_boulder_4"}
{"pos":[-314.046967,446.057404,229.976105],"rotationMatrix":[0.893588662,-0.448886633,0,0.448886633,0.893588662,0,0,0,1],"scale":1,"type":"italy_rockface_boulder_4"}
{"pos":[-146.057861,665.299255,91.628952],"rotationMatrix":[0.143820867,-0.989603698,0,0.989603698,0.143820867,0,0,0,1],"scale":1,"type":"italy_rockface_boulder_4"}
{"pos":[-139.302994,669.292297,91.1472702],"rotationMatrix":[-0.530304611,-0.847807229,0,0.847807229,-0.530304611,0,0,0,1],"scale":1,"type":"italy_rockface_boulder_4"}
{"pos":[-148.684937,667.889465,90.9261475],"rotationMatrix":[-0.976981282,-0.213325128,0,0.213325128,-0.976981282,0,0,0,1],"scale":1,"type":"italy_rockface_boulder_4"}
{"pos":[-143.205475,668.302307,90.5171204],"rotationMatrix":[0.634884298,0.772607327,0,-0.772607327,0.634884298,0,0,0,1],"scale":1,"type":"italy_rockface_boulder_4"}
{"pos":[-147.361069,669.202698,89.8842316],"rotationMatrix":[0.997005284,0.0773332343,0,-0.0773332343,0.997005284,0,0,0,1],"scale":1,"type":"italy_rockface_boulder_4"}
{"pos":[-150.021332,674.197632,86.5789337],"rotationMatrix":[-0.502408624,-0.864630342,0,0.864630342,-0.502408624,0,0,0,1],"scale":1,"type":"italy_rockface_boulder_4"}
{"pos":[-137.262711,674.492126,91.1238174],"rotationMatrix":[0.775681615,-0.631124318,0,0.631124318,0.775681615,0,0,0,1],"scale":1,"type":"italy_rockface_boulder_4"}
{"pos":[-145.203125,675.837769,86.1237183],"rotationMatrix":[0.976047277,0.217558637,0,-0.217558637,0.976047277,0,0,0,1],"scale":1,"type":"italy_rockface_boulder_4"}
{"pos":[-146.231369,684.185486,84.2268066],"rotationMatrix":[0.995644391,-0.0932320654,0,0.0932320654,0.995644391,0,0,0,1],"scale":1,"type":"italy_rockface_boulder_4"}
{"pos":[-141.692978,675.952881,86.7073135],"rotationMatrix":[0.999822795,0.0188237671,0,-0.0188237671,0.999822795,0,0,0,1],"scale":1,"type":"italy_rockface_boulder_4"}
{"pos":[-142.240982,680.601868,86.1035767],"rotationMatrix":[0.0866604149,-0.996237874,0,0.996237874,0.0866604149,0,0,0,1],"scale":1,"type":"italy_rockface_boulder_4"}
{"pos":[-150.012161,671.606323,88.4051056],"rotationMatrix":[0.924731791,0.380619407,0,-0.380619407,0.924731791,0,0,0,1],"scale":1,"type":"italy_rockface_boulder_4"}
{"pos":[-135.948135,648.488647,99],"rotationMatrix":[-0.694554269,0.719440162,0,-0.719440162,-0.694554269,0,0,0,1],"scale":1,"type":"italy_rockface_boulder_4"}
{"pos":[-141.162674,640.715881,105.209534],"rotationMatrix":[0.134685189,-0.990888417,0,0.990888417,0.134685189,0,0,0,1],"scale":1,"type":"italy_rockface_boulder_4"}
{"pos":[-137.393692,649.884399,97.904274],"rotationMatrix":[0.99772346,0.0674377531,0,-0.0674377531,0.99772346,0,0,0,1],"scale":1,"type":"italy_rockface_boulder_4"}
{"pos":[-133.926254,652.228516,96.3989716],"rotationMatrix":[-0.84946382,0.52764678,0,-0.52764678,-0.84946382,0,0,0,1],"scale":1,"type":"italy_rockface_boulder_4"}
{"pos":[-146.079987,651.570862,97.7044449],"rotationMatrix":[0.988594294,-0.150602743,0,0.150602743,0.988594294,0,0,0,1],"scale":1,"type":"italy_rockface_boulder_4"}
{"pos":[-132.877289,642,103],"rotationMatrix":[0.914214313,0.394747078,0.0915732309,0.392781287,-0.918789744,0.0393433496,0.0996672362,0,-0.995020151],"scale":1.72111499,"type":"italy_rockface_boulder_4"}
{"pos":[-129.640747,648.65387,101.787933],"rotationMatrix":[0.376444966,0.926439047,0,-0.926439047,0.376444966,0,0,0,1],"scale":1,"type":"italy_rockface_boulder_4"}
{"pos":[-141.928848,657.602173,92.460434],"rotationMatrix":[0.650117159,-0.759834051,0,0.759834051,0.650117159,0,0,0,1],"scale":1,"type":"italy_rockface_boulder_4"}
{"pos":[-137.865387,639.156494,105.815384],"rotationMatrix":[-0.908540726,-0.417796165,0,0.417796165,-0.908540726,0,0,0,1],"scale":1,"type":"italy_rockface_boulder_4"}
{"pos":[-137.026855,641.282166,104.033638],"rotationMatrix":[-0.932066619,-0.362286896,0,0.362286896,-0.932066619,0,0,0,1],"scale":1,"type":"italy_rockface_boulder_4"}
{"pos":[-126.503174,650.998779,105.729507],"rotationMatrix":[-0.251243979,-0.96792376,0,0.96792376,-0.251243979,0,0,0,1],"scale":1,"type":"italy_rockface_boulder_4"}
{"pos":[-130.320999,581.980042,128.325562],"rotationMatrix":[-0.0676437765,-0.997709453,0,0.997709453,-0.0676437765,0,0,0,1],"scale":1,"type":"italy_rockface_boulder_4"}
{"pos":[-141.636337,581.104065,128.979248],"rotationMatrix":[-0.955296993,0.2956478,0,-0.2956478,-0.955296993,0,0,0,1],"scale":1,"type":"italy_rockface_boulder_4"}
{"pos":[-119.149811,596.181091,123.482483],"rotationMatrix":[-0.0111280205,0.999938071,0,-0.999938071,-0.0111280205,0,0,0,1],"scale":1,"type":"italy_rockface_boulder_4"}
{"pos":[-131.626007,614.823914,115.551949],"rotationMatrix":[-0.990514159,0.137410417,0,-0.137410417,-0.990514159,0,0,0,1],"scale":1,"type":"italy_rockface_boulder_4"}
{"pos":[-137.3293,603.549255,119.570511],"rotationMatrix":[0.189229235,-0.981932878,0,0.981932878,0.189229235,0,0,0,1],"scale":1,"type":"italy_rockface_boulder_4"}
{"pos":[-148.304337,609.960449,117.459122],"rotationMatrix":[0.445833713,0.895115852,0,-0.895115852,0.445833713,0,0,0,1],"scale":1,"type":"italy_rockface_boulder_4"}
{"pos":[-150.946823,591.879639,126.918671],"rotationMatrix":[-0.623901367,-0.781503201,0,0.781503201,-0.623901367,0,0,0,1],"scale":1,"type":"italy_rockface_boulder_4"}
{"pos":[-144.670807,610.75415,117.115631],"rotationMatrix":[0.715479076,0.698634267,0,-0.698634267,0.715479076,0,0,0,1],"scale":1,"type":"italy_rockface_boulder_4"}
{"pos":[-116.757858,603.724426,121.248047],"rotationMatrix":[0.0346087553,-0.999400914,0,0.999400914,0.0346087553,0,0,0,1],"scale":1,"type":"italy_rockface_boulder_4"}
{"pos":[-120.666611,597.21637,122.82515],"rotationMatrix":[-0.44314754,0.896448612,0,-0.896448612,-0.44314754,0,0,0,1],"scale":1,"type":"italy_rockface_boulder_4"}
{"pos":[-135.860321,596.578308,122.83075],"rotationMatrix":[-0.948134899,0.317867965,0,-0.317867965,-0.948134899,0,0,0,1],"scale":1,"type":"italy_rockface_boulder_4"}
{"pos":[-149.674133,603.819641,119.69751],"rotationMatrix":[0.673344672,0.739328802,0,-0.739328802,0.673344672,0,0,0,1],"scale":1,"type":"italy_rockface_boulder_4"}
{"pos":[-143.234955,593.201477,123.658958],"rotationMatrix":[0.673722863,0.738984227,0,-0.738984227,0.673722863,0,0,0,1],"scale":1,"type":"italy_rockface_boulder_4"}
{"pos":[-144.046814,598.132385,121.592758],"rotationMatrix":[0.323634148,-0.946182251,0,0.946182251,0.323634148,0,0,0,1],"scale":1,"type":"italy_rockface_boulder_4"}
{"pos":[-127.772499,616.614624,115.312119],"rotationMatrix":[0.158153489,0.987414598,0,-0.987414598,0.158153489,0,0,0,1],"scale":1,"type":"italy_rockface_boulder_4"}
{"pos":[-146.678925,586.349731,128.246277],"rotationMatrix":[-0.0303239264,0.999540091,0,-0.999540091,-0.0303239264,0,0,0,1],"scale":1,"type":"italy_rockface_boulder_4"}
{"pos":[-134.136032,596.699768,122.982025],"rotationMatrix":[-0.965172768,-0.261613131,0,0.261613131,-0.965172768,0,0,0,1],"scale":1,"type":"italy_rockface_boulder_4"}
{"pos":[-127.91819,604.06781,119.971802],"rotationMatrix":[0.334359348,-0.942445636,0,0.942445636,0.334359348,0,0,0,1],"scale":1,"type":"italy_rockface_boulder_4"}
{"pos":[-128.385193,609.028503,118.054863],"rotationMatrix":[0.919321954,-0.393506169,0,0.393506169,0.919321954,0,0,0,1],"scale":1,"type":"italy_rockface_boulder_4"}
{"pos":[-18.2537823,511.82428,176.778885],"rotationMatrix":[-0.291730106,0.956500649,0,-0.956500649,-0.291730106,0,0,0,1],"scale":1,"type":"italy_rockface_boulder_4"}
{"pos":[-31.7068214,489.586609,177.005096],"rotationMatrix":[0.997940719,-0.0641425624,0,0.0641425624,0.997940719,0,0,0,1],"scale":1,"type":"italy_rockface_boulder_4"}
{"pos":[-61.7598763,522.708069,158.638168],"rotationMatrix":[-0.276460648,-0.961025238,0,0.961025238,-0.276460648,0,0,0,1],"scale":1,"type":"italy_rockface_boulder_4"}
{"pos":[-68.9378815,513.856689,157.62439],"rotationMatrix":[-0.902704418,-0.430261463,0,0.430261463,-0.902704418,0,0,0,1],"scale":1,"type":"italy_rockface_boulder_4"}
{"pos":[-12.6913967,484.881683,183.465424],"rotationMatrix":[-0.783754945,-0.621070266,0,0.621070266,-0.783754945,0,0,0,1],"scale":1,"type":"italy_rockface_boulder_4"}
{"pos":[-17.6378098,483.536591,182.016602],"rotationMatrix":[-0.706755757,-0.707457542,0,0.707457542,-0.706755757,0,0,0,1],"scale":1,"type":"italy_rockface_boulder_4"}
{"pos":[0.81788063,492.313751,187.067291],"rotationMatrix":[-0.473967344,0.880542338,0,-0.880542338,-0.473967344,0,0,0,1],"scale":1,"type":"italy_rockface_boulder_4"}
{"pos":[5.30801964,471.111298,192.629517],"rotationMatrix":[-0.974087238,0.226172343,0,-0.226172343,-0.974087238,0,0,0,1],"scale":1,"type":"italy_rockface_boulder_4"}
{"pos":[1.50762558,479.883759,189.093536],"rotationMatrix":[-0.570323467,0.821420074,0,-0.821420074,-0.570323467,0,0,0,1],"scale":1,"type":"italy_rockface_boulder_4"}
{"pos":[-4.74118805,486.071045,185.111969],"rotationMatrix":[0.979444146,0.201715946,0,-0.201715946,0.979444146,0,0,0,1],"scale":1,"type":"italy_rockface_boulder_4"}
{"pos":[-2.98180008,478.488678,188.601837],"rotationMatrix":[0.4222821,0.906464577,0,-0.906464577,0.4222821,0,0,0,1],"scale":1,"type":"italy_rockface_boulder_4"}
{"pos":[-5.67452717,473.828369,189.374832],"rotationMatrix":[0.481420517,0.876489878,0,-0.876489878,0.481420517,0,0,0,1],"scale":1,"type":"italy_rockface_boulder_4"}
{"pos":[-6.5915556,478.330231,187.867706],"rotationMatrix":[-0.30380258,-0.952735066,0,0.952735066,-0.30380258,0,0,0,1],"scale":1,"type":"italy_rockface_boulder_4"}
{"pos":[3.30234718,458.741913,198.371552],"rotationMatrix":[0.990683138,-0.136186808,0,0.136186808,0.990683138,0,0,0,1],"scale":1,"type":"italy_rockface_boulder_4"}
{"pos":[-3.02813721,469.285767,191.670624],"rotationMatrix":[0.960886657,-0.276941746,0,0.276941746,0.960886657,0,0,0,1],"scale":1,"type":"italy_rockface_boulder_4"}
{"pos":[6.85493851,470.144714,193.066147],"rotationMatrix":[0.0490493923,-0.998796344,0,0.998796344,0.0490493923,0,0,0,1],"scale":1,"type":"italy_rockface_boulder_4"}
{"pos":[7.05766392,448.349274,204.255234],"rotationMatrix":[-0.704192758,-0.71000874,0,0.71000874,-0.704192758,0,0,0,1],"scale":1,"type":"italy_rockface_boulder_4"}
{"pos":[-1.06579065,456.43985,198.447083],"rotationMatrix":[0.401721597,-0.915761888,0,0.915761888,0.401721597,0,0,0,1],"scale":1,"type":"italy_rockface_boulder_4"}
{"pos":[9.21570969,457.616241,199.46492],"rotationMatrix":[-0.149622425,-0.988743186,0,0.988743186,-0.149622425,0,0,0,1],"scale":1,"type":"italy_rockface_boulder_4"}
{"pos":[-1.22457552,460.750763,196.51532],"rotationMatrix":[-0.845854044,-0.533414543,0,0.533414543,-0.845854044,0,0,0,1],"scale":1,"type":"italy_rockface_boulder_4"}
{"pos":[5.57093716,462.930054,196.304947],"rotationMatrix":[-0.0967743471,0.995306313,0,-0.995306313,-0.0967743471,0,0,0,1],"scale":1,"type":"italy_rockface_boulder_4"}
{"pos":[-371.590881,755.162964,64.0966034],"rotationMatrix":[0.99901402,-0.0443951562,0,0.0443951562,0.99901402,0,0,0,1],"scale":1.27236748,"type":"italy_rockface_boulder_4"}
{"pos":[-349.511444,760.112793,57.5550232],"rotationMatrix":[-0.674530566,0.738246799,0,-0.738246799,-0.674530566,0,0,0,1],"scale":1.77314043,"type":"italy_rockface_boulder_4"}
{"pos":[-359.11557,757.515198,56.5037804],"rotationMatrix":[-0.544531763,-0.83874017,0,0.83874017,-0.544531763,0,0,0,1],"scale":1.29330444,"type":"italy_rockface_boulder_4"}
{"pos":[-357.8815,764.992065,54.3309975],"rotationMatrix":[-0.915419281,0.402501494,0,-0.402501494,-0.915419281,0,0,0,1],"scale":1.50906396,"type":"italy_rockface_boulder_4"}
{"pos":[-354.697266,750.982849,58.9734879],"rotationMatrix":[-0.375533998,0.926808596,0,-0.926808596,-0.375533998,0,0,0,1],"scale":1.2718904,"type":"italy_rockface_boulder_4"}
{"pos":[-354.526489,756.121338,57.7085152],"rotationMatrix":[0.745566845,0.66643095,0,-0.66643095,0.745566845,0,0,0,1],"scale":1.31396687,"type":"italy_rockface_boulder_4"}
{"pos":[-347.509369,746.587952,60.267292],"rotationMatrix":[-0.849347293,-0.527834594,0,0.527834594,-0.849347293,0,0,0,1],"scale":1.84653425,"type":"italy_rockface_boulder_4"}
{"pos":[-345.54834,739.302063,65.7229996],"rotationMatrix":[-0.999910474,0.0133806923,0,-0.0133806923,-0.999910474,0,0,0,1],"scale":1.5972898,"type":"italy_rockface_boulder_4"}
{"pos":[-343.011383,741.735535,63.3623047],"rotationMatrix":[0.324238896,0.945975304,0,-0.945975304,0.324238896,0,0,0,1],"scale":1.75226653,"type":"italy_rockface_boulder_4"}
{"pos":[-347.598145,738.953003,66.6199493],"rotationMatrix":[0.215491578,0.976505756,0,-0.976505756,0.215491578,0,0,0,1],"scale":1.21834886,"type":"italy_rockface_boulder_4"}
{"pos":[-340.477905,746.096924,61.3827171],"rotationMatrix":[-0.98836267,0.152115792,0,-0.152115792,-0.98836267,0,0,0,1],"scale":1.62027955,"type":"italy_rockface_boulder_4"}
{"pos":[-302.102997,441.390411,233.702042],"rotationMatrix":[-0.30236733,-0.953191519,0,0.953191519,-0.30236733,0,0,0,1],"scale":1.3090899,"type":"italy_rockface_boulder_4"}
{"pos":[-35.7618904,167.144348,374.314392],"rotationMatrix":[-0.938307762,-0.345801264,0,0.345801264,-0.938307762,0,0,0,1],"scale":1.00928438,"type":"italy_rockface_boulder_4"}
{"pos":[-57.7671509,211.717102,357.266266],"rotationMatrix":[0.111738406,-0.993737638,0,0.993737638,0.111738406,0,0,0,1],"scale":1.60902154,"type":"italy_rockface_boulder_4"}
{"pos":[-53.237442,181.498886,353.477386],"rotationMatrix":[0.560330212,0.828269362,0,-0.828269362,0.560330212,0,0,0,1],"scale":1.15937126,"type":"italy_rockface_boulder_4"}
{"pos":[-55.3030319,180.117416,354.495087],"rotationMatrix":[-0.844122827,-0.5361498,0,0.5361498,-0.844122827,0,0,0,1],"scale":1.02286887,"type":"italy_rockface_boulder_4"}
{"pos":[-29.8635139,191.114441,344.89209],"rotationMatrix":[0.144214645,-0.989546359,0,0.989546359,0.144214645,0,0,0,1],"scale":1.69667125,"type":"italy_rockface_boulder_4"}
{"pos":[-75.6395035,182.089859,364.908081],"rotationMatrix":[-0.594305992,-0.804239094,0,0.804239094,-0.594305992,0,0,0,1],"scale":1.07230091,"type":"italy_rockface_boulder_4"}
{"pos":[-48.6785622,164.592575,362.704376],"rotationMatrix":[-0.00819277391,-0.999966383,0,0.999966383,-0.00819277391,0,0,0,1],"scale":1.25706792,"type":"italy_rockface_boulder_4"}
{"pos":[-45.659481,185.275421,350.12442],"rotationMatrix":[-0.173578024,-0.984820127,0,0.984820127,-0.173578024,0,0,0,1],"scale":1.24190009,"type":"italy_rockface_boulder_4"}
{"pos":[-35.9378929,177.012146,353.626007],"rotationMatrix":[0.813074172,0.582160234,0,-0.582160234,0.813074172,0,0,0,1],"scale":1.57992721,"type":"italy_rockface_boulder_4"}
{"pos":[-65.747139,182.061935,358.76001],"rotationMatrix":[-0.970953047,-0.239269838,0,0.239269838,-0.970953047,0,0,0,1],"scale":1.95035052,"type":"italy_rockface_boulder_4"}
{"pos":[-47.3164597,161.488693,367.783997],"rotationMatrix":[-0.590389311,0.807118535,0,-0.807118535,-0.590389311,0,0,0,1],"scale":1.26022875,"type":"italy_rockface_boulder_4"}
{"pos":[-46.6750641,182.414291,349.721405],"rotationMatrix":[-0.139549211,-0.990215123,0,0.990215123,-0.139549211,0,0,0,1],"scale":1.88344193,"type":"italy_rockface_boulder_4"}
{"pos":[-74.0312958,181.202591,361.958557],"rotationMatrix":[0.157592669,-0.987504125,0,0.987504125,0.157592669,0,0,0,1],"scale":1.57137489,"type":"italy_rockface_boulder_4"}
{"pos":[-39.8631363,190.435028,345.211731],"rotationMatrix":[-0.660461307,-0.750860155,0,0.750860155,-0.660461307,0,0,0,1],"scale":1.40445757,"type":"italy_rockface_boulder_4"}
{"pos":[-77.944191,190.190582,370.616852],"rotationMatrix":[-0.855206847,-0.518287003,0,0.518287003,-0.855206847,0,0,0,1],"scale":1.02557254,"type":"italy_rockface_boulder_4"}
{"pos":[-39.1139793,167.492096,367.987671],"rotationMatrix":[0.0974860862,0.995236874,0,-0.995236874,0.0974860862,0,0,0,1],"scale":1.77525032,"type":"italy_rockface_boulder_4"}
{"pos":[-71.382843,173.819717,362.894592],"rotationMatrix":[-0.241467893,-0.970408797,0,0.970408797,-0.241467893,0,0,0,1],"scale":1.86956668,"type":"italy_rockface_boulder_4"}
{"pos":[-50.7552719,188.259766,350.121429],"rotationMatrix":[0.947731972,0.319067568,0,-0.319067568,0.947731972,0,0,0,1],"scale":1.2423141,"type":"italy_rockface_boulder_4"}
{"pos":[-71.6472778,181.308533,362.402252],"rotationMatrix":[-0.727935433,0.685645521,0,-0.685645521,-0.727935433,0,0,0,1],"scale":1.256459,"type":"italy_rockface_boulder_4"}
{"pos":[-70.7898712,175.834091,361.657257],"rotationMatrix":[0.433484048,0.901161313,0,-0.901161313,0.433484048,0,0,0,1],"scale":1.98418522,"type":"italy_rockface_boulder_4"}
{"pos":[-54.5728836,208.752563,350.916382],"rotationMatrix":[-0.82710588,-0.562046051,0,0.562046051,-0.82710588,0,0,0,1],"scale":1.77617204,"type":"italy_rockface_boulder_4"}
{"pos":[-51.4225121,210.04068,349.595978],"rotationMatrix":[-0.696315467,0.717735708,0,-0.717735708,-0.696315467,0,0,0,1],"scale":1.63917959,"type":"italy_rockface_boulder_4"}
{"pos":[-57.7260017,161.25267,364.683777],"rotationMatrix":[-0.753928065,-0.656956971,0,0.656956971,-0.753928065,0,0,0,1],"scale":1.28532779,"type":"italy_rockface_boulder_4"}
{"pos":[-32.3702621,195.210632,343.273224],"rotationMatrix":[0.966170907,-0.257902771,0,0.257902771,0.966170907,0,0,0,1],"scale":1.24679983,"type":"italy_rockface_boulder_4"}
{"pos":[-51.6703186,179.090637,353.256653],"rotationMatrix":[0.0453132503,-0.998972774,0,0.998972774,0.0453132503,0,0,0,1],"scale":1.80314684,"type":"italy_rockface_boulder_4"}
{"pos":[-39.7187157,179.742065,351.287933],"rotationMatrix":[-0.537593126,-0.843204319,0,0.843204319,-0.537593126,0,0,0,1],"scale":1.19534254,"type":"italy_rockface_boulder_4"}
{"pos":[-57.6332932,182.40863,354.718536],"rotationMatrix":[0.514229774,0.857652545,0,-0.857652545,0.514229774,0,0,0,1],"scale":1.55654383,"type":"italy_rockface_boulder_4"}
{"pos":[-45.0106277,172.551193,354.986816],"rotationMatrix":[0.970401883,-0.241495401,0,0.241495401,0.970401883,0,0,0,1],"scale":1.48489428,"type":"italy_rockface_boulder_4"}
{"pos":[-69.1788101,169.894501,362.972351],"rotationMatrix":[0.994715869,0.102666184,0,-0.102666184,0.994715869,0,0,0,1],"scale":1.07417822,"type":"italy_rockface_boulder_4"}
{"pos":[-49.2741776,171.133469,357.350647],"rotationMatrix":[-0.882582188,0.47015807,0,-0.47015807,-0.882582188,0,0,0,1],"scale":1.25107002,"type":"italy_rockface_boulder_4"}
{"pos":[-31.9739265,178.409149,353.871796],"rotationMatrix":[-0.850521564,-0.52594012,0,0.52594012,-0.850521564,0,0,0,1],"scale":1.67857671,"type":"italy_rockface_boulder_4"}
{"pos":[-55.3653946,192.033051,352.381836],"rotationMatrix":[-0.566166282,-0.82429111,0,0.82429111,-0.566166282,0,0,0,1],"scale":1.28618741,"type":"italy_rockface_boulder_4"}
{"pos":[-59.5910263,191.813248,353.201813],"rotationMatrix":[0.779526889,-0.626368761,0,0.626368761,0.779526889,0,0,0,1],"scale":1.68950713,"type":"italy_rockface_boulder_4"}
{"pos":[-52.7205086,177.593292,353.755432],"rotationMatrix":[0.766834497,-0.641844809,0,0.641844809,0.766834497,0,0,0,1],"scale":1.4252466,"type":"italy_rockface_boulder_4"}
{"pos":[-36.8978615,184.05896,348.14093],"rotationMatrix":[0.377647132,0.925949693,0,-0.925949693,0.377647132,0,0,0,1],"scale":1.90668082,"type":"italy_rockface_boulder_4"}
{"pos":[-46.3623505,194.539749,346.547424],"rotationMatrix":[0.903065681,0.429502577,0,-0.429502577,0.903065681,0,0,0,1],"scale":1.05354261,"type":"italy_rockface_boulder_4"}
{"pos":[-49.0250778,193.039124,348.1427],"rotationMatrix":[0.908143997,0.418658018,0,-0.418658018,0.908143997,0,0,0,1],"scale":1.08436322,"type":"italy_rockface_boulder_4"}
{"pos":[-48.1715012,175.143234,353.596619],"rotationMatrix":[0.972227514,0.234037802,0,-0.234037802,0.972227514,0,0,0,1],"scale":1.57556653,"type":"italy_rockface_boulder_4"}
{"pos":[-57.8270187,174.339569,357.492157],"rotationMatrix":[-0.902092934,0.431541771,0,-0.431541771,-0.902092934,0,0,0,1],"scale":1.61082137,"type":"italy_rockface_boulder_4"}
{"pos":[-66.7987137,188.048767,358.600555],"rotationMatrix":[0.816338897,-0.57757324,0,0.57757324,0.816338897,0,0,0,1],"scale":1.14169228,"type":"italy_rockface_boulder_4"}
{"pos":[-67.0761948,186.441788,359.242096],"rotationMatrix":[-0.874449492,-0.485116482,0,0.485116482,-0.874449492,0,0,0,1],"scale":1.30610371,"type":"italy_rockface_boulder_4"}
{"pos":[-72.8052139,175.44075,363.217834],"rotationMatrix":[-0.416443527,0.909161568,0,-0.909161568,-0.416443527,0,0,0,1],"scale":1.87505054,"type":"italy_rockface_boulder_4"}
{"pos":[-71.7971725,170.642746,362.556793],"rotationMatrix":[0.512651145,-0.858596981,0,0.858596981,0.512651145,0,0,0,1],"scale":1.17101932,"type":"italy_rockface_boulder_4"}
{"pos":[-59.5908432,173.403656,358.859344],"rotationMatrix":[-0.871297121,0.490755737,0,-0.490755737,-0.871297121,0,0,0,1],"scale":1.10021126,"type":"italy_rockface_boulder_4"}
{"pos":[-77.4713287,167.758942,365.791046],"rotationMatrix":[-0.147317484,-0.989089251,0,0.989089251,-0.147317484,0,0,0,1],"scale":1.79801893,"type":"italy_rockface_boulder_4"}
{"pos":[-63.8136673,161.00705,365.212189],"rotationMatrix":[0.342423469,-0.939545691,0,0.939545691,0.342423469,0,0,0,1],"scale":1.91198969,"type":"italy_rockface_boulder_4"}
{"pos":[-68.7632751,154.00087,369.714935],"rotationMatrix":[-0.563412189,-0.826175928,0,0.826175928,-0.563412189,0,0,0,1],"scale":1.03472304,"type":"italy_rockface_boulder_4"}
{"pos":[-74.1606522,160.242188,368.442993],"rotationMatrix":[-0.197515458,0.980299711,0,-0.980299711,-0.197515458,0,0,0,1],"scale":1.18885159,"type":"italy_rockface_boulder_4"}
{"pos":[-64.6015778,169.600021,363.082458],"rotationMatrix":[-0.275391817,0.961332023,0,-0.961332023,-0.275391817,0,0,0,1],"scale":1.77228737,"type":"italy_rockface_boulder_4"}
{"pos":[-73.0272217,162.837662,366.678772],"rotationMatrix":[-0.986170292,0.165735006,0,-0.165735006,-0.986170292,0,0,0,1],"scale":1.15609062,"type":"italy_rockface_boulder_4"}
{"pos":[-68.7980347,166.501129,362.826508],"rotationMatrix":[0.768376172,0.639998615,0,-0.639998615,0.768376172,0,0,0,1],"scale":1.08171058,"type":"italy_rockface_boulder_4"}
{"pos":[-59.7546616,160.573502,363.742981],"rotationMatrix":[0.355719119,0.934592962,0,-0.934592962,0.355719119,0,0,0,1],"scale":1.87090087,"type":"italy_rockface_boulder_4"}
{"pos":[-73.9301529,158.085571,370.06311],"rotationMatrix":[-0.0929811522,-0.995667815,0,0.995667815,-0.0929811522,0,0,0,1],"scale":1.2487092,"type":"italy_rockface_boulder_4"}
{"pos":[-68.6402359,152.436066,370.838867],"rotationMatrix":[0.787489831,0.616327763,0,-0.616327763,0.787489831,0,0,0,1],"scale":1.04800975,"type":"italy_rockface_boulder_4"}
{"pos":[-68.3244629,146.634415,372.57309],"rotationMatrix":[-0.801956534,0.597382188,0,-0.597382188,-0.801956534,0,0,0,1],"scale":1.93304157,"type":"italy_rockface_boulder_4"}
{"pos":[-71.30056,149.370575,372.539886],"rotationMatrix":[0.491234183,0.871027648,0,-0.871027648,0.491234183,0,0,0,1],"scale":1.93346095,"type":"italy_rockface_boulder_4"}
{"pos":[-70.7309952,146.028442,372.524994],"rotationMatrix":[-0.494259953,0.869314075,0,-0.869314075,-0.494259953,0,0,0,1],"scale":1.5443151,"type":"italy_rockface_boulder_4"}
{"pos":[-82.097702,146.694733,375.608124],"rotationMatrix":[0.978246093,-0.207447797,0,0.207447797,0.978246093,0,0,0,1],"scale":1.56970882,"type":"italy_rockface_boulder_4"}
{"pos":[-79.6086121,148.827194,374.475189],"rotationMatrix":[-0.995058656,-0.0992875919,0,0.0992875919,-0.995058656,0,0,0,1],"scale":1.28388739,"type":"italy_rockface_boulder_4"}
{"pos":[-75.0284882,140.869247,375.737091],"rotationMatrix":[0.546695352,-0.837331653,0,0.837331653,0.546695352,0,0,0,1],"scale":1.33393919,"type":"italy_rockface_boulder_4"}
{"pos":[-85.7216797,138.469208,384.585052],"rotationMatrix":[0.624333799,-0.781157613,0,0.781157613,0.624333799,0,0,0,1],"scale":1.86962986,"type":"italy_rockface_boulder_4"}
{"pos":[-71.7362442,142.799347,374.089478],"rotationMatrix":[0.929066539,0.369912773,0,-0.369912773,0.929066539,0,0,0,1],"scale":1.04423201,"type":"italy_rockface_boulder_4"}
{"pos":[-62.9643669,151.757858,368.700531],"rotationMatrix":[0.428630292,0.903480053,0,-0.903480053,0.428630292,0,0,0,1],"scale":1.26514745,"type":"italy_rockface_boulder_4"}
{"pos":[-67.1625214,153.335968,368.725739],"rotationMatrix":[-0.411978453,0.91119349,0,-0.91119349,-0.411978453,0,0,0,1],"scale":1.34957433,"type":"italy_rockface_boulder_4"}
{"pos":[-57.5015869,152.701462,369.94809],"rotationMatrix":[-0.336183429,-0.941796482,0,0.941796482,-0.336183429,0,0,0,1],"scale":1.49323416,"type":"italy_rockface_boulder_4"}
{"pos":[-94.2190094,120.056793,393.080536],"rotationMatrix":[-0.545929611,0.837830901,0,-0.837830901,-0.545929611,0,0,0,1],"scale":1.47127771,"type":"italy_rockface_boulder_4"}
{"pos":[-78.76371,121.156082,391.369141],"rotationMatrix":[0.650493145,0.759512246,0,-0.759512246,0.650493145,0,0,0,1],"scale":1.60902548,"type":"italy_rockface_boulder_4"}
{"pos":[-81.9940262,114.255066,393.412659],"rotationMatrix":[-0.818784595,0.574100852,0,-0.574100852,-0.818784595,0,0,0,1],"scale":1.38362312,"type":"italy_rockface_boulder_4"}
{"pos":[-76.6802826,130.380722,386.145691],"rotationMatrix":[-0.596423447,-0.802670002,0,0.802670002,-0.596423447,0,0,0,1],"scale":1.56856728,"type":"italy_rockface_boulder_4"}
{"pos":[-96.8832016,129.262268,391.659332],"rotationMatrix":[0.242762208,-0.970085859,0,0.970085859,0.242762208,0,0,0,1],"scale":1.49085522,"type":"italy_rockface_boulder_4"}
{"pos":[-96.1673965,126.747368,391.829681],"rotationMatrix":[-0.826009274,0.56365639,0,-0.56365639,-0.826009274,0,0,0,1],"scale":1.94358492,"type":"italy_rockface_boulder_4"}
{"pos":[-96.9493103,112.537994,395.295807],"rotationMatrix":[0.247856855,-0.968796611,0,0.968796611,0.247856855,0,0,0,1],"scale":1.0142498,"type":"italy_rockface_boulder_4"}
{"pos":[-100.735184,113.328911,395.725006],"rotationMatrix":[-0.227150425,-0.973859668,0,0.973859668,-0.227150425,0,0,0,1],"scale":1.65372324,"type":"italy_rockface_boulder_4"}
{"pos":[-102.530602,114.753769,399.122528],"rotationMatrix":[0.774637341,-0.632405698,0,0.632405698,0.774637341,0,0,0,1],"scale":1.48692179,"type":"italy_rockface_boulder_4"}
