{"pos":[-135.241028,681.987671,89.1860657],"rotationMatrix":[-0.97609055,0.217364341,0,-0.217364341,-0.97609055,0,0,0,1],"scale":1,"type":"italy_rockface_boulder_1"}
{"pos":[-141,689,83],"rotationMatrix":[-0.97609055,0.217364341,0,-0.217364341,-0.97609055,0,0,0,1],"scale":1,"type":"italy_rockface_boulder_1"}
{"pos":[-137,689,86],"rotationMatrix":[-0.97609055,0.217364341,0,-0.217364341,-0.97609055,0,0,0,1],"scale":1,"type":"italy_rockface_boulder_1"}
{"pos":[-140,687,84],"rotationMatrix":[0.0881576985,0.217364341,-0.972101092,0.0196317229,-0.97609055,-0.216475934,-0.99591279,0,-0.0903171301],"scale":1.05379844,"type":"italy_rockface_boulder_1"}
{"pos":[-138,689,84],"rotationMatrix":[-0.97609055,0.217364341,0,-0.217364341,-0.97609055,0,0,0,1],"scale":0.683029354,"type":"italy_rockface_boulder_1"}
{"pos":[-140,690,83],"rotationMatrix":[-0.97609055,0.217364341,0,-0.217364341,-0.97609055,0,0,0,1],"scale":0.569058478,"type":"italy_rockface_boulder_1"}
{"pos":[-135.859695,756.405518,64.7337036],"rotationMatrix":[-0.619991183,0.784608603,0,-0.784608603,-0.619991183,0,0,0,1],"scale":1,"type":"italy_rockface_boulder_1"}
{"pos":[-126.450089,759.632996,66.4896545],"rotationMatrix":[-0.71846211,-0.695565999,0,0.695565999,-0.71846211,0,0,0,1],"scale":1,"type":"italy_rockface_boulder_1"}
{"pos":[-140.821869,769.21521,59.4203415],"rotationMatrix":[-0.435668826,-0.900107086,0,0.900107086,-0.435668826,0,0,0,1],"scale":1,"type":"italy_rockface_boulder_1"}
{"pos":[-150.776596,759.867432,66.6790161],"rotationMatrix":[0.927714705,-0.373289853,0,0.373289853,0.927714705,0,0,0,1],"scale":1,"type":"italy_rockface_boulder_1"}
{"pos":[-128,769,61],"rotationMatrix":[-0.844508648,0.535541773,0,-0.535541773,-0.844508648,0,0,0,1],"scale":1,"type":"italy_rockface_boulder_1"}
{"pos":[-126.560921,796.447876,53.6511421],"rotationMatrix":[0.975106001,-0.221738905,0,0.221738905,0.975106001,0,0,0,1],"scale":1,"type":"italy_rockface_boulder_1"}
{"pos":[-148.331894,795.731323,51.0735092],"rotationMatrix":[0.0524253584,0.998624861,0,-0.998624861,0.0524253584,0,0,0,1],"scale":1,"type":"italy_rockface_boulder_1"}
{"pos":[-140.720169,793.93396,49.5994492],"rotationMatrix":[0.855915427,0.517115831,0,-0.517115831,0.855915427,0,0,0,1],"scale":1,"type":"italy_rockface_boulder_1"}
{"pos":[-150.776596,757,68],"rotationMatrix":[0.927714705,-0.373289853,0,0.373289853,0.927714705,0,0,0,1],"scale":1.88462877,"type":"italy_rockface_boulder_1"}
{"pos":[-144,752,66],"rotationMatrix":[0.181242108,-0.373289853,-0.909838259,0.0729274228,0.927714705,-0.366096795,0.980730653,0,0.195364058],"scale":1.88462877,"type":"italy_rockface_boulder_1"}
{"pos":[-150,751,68],"rotationMatrix":[0.912748694,-0.373289853,-0.165963978,0.367267877,0.927714705,-0.0667798519,0.178895414,0,0.983867943],"scale":1.24958515,"type":"italy_rockface_boulder_1"}
{"pos":[-136.748215,786.210144,53.9893112],"rotationMatrix":[0.958511591,-0.285053432,0,0.285053432,0.958511591,0,0,0,1],"scale":1,"type":"italy_rockface_boulder_1"}
{"pos":[-136.527176,783.223145,55.1204758],"rotationMatrix":[-0.273853511,0.961771369,0,-0.961771369,-0.273853511,0,0,0,1],"scale":1,"type":"italy_rockface_boulder_1"}
{"pos":[-136.162659,799.763184,46.9749451],"rotationMatrix":[0.597512126,-0.801859975,0,0.801859975,0.597512126,0,0,0,1],"scale":1,"type":"italy_rockface_boulder_1"}
{"pos":[-134.328613,788.384644,53],"rotationMatrix":[0.411761045,-0.911291778,0,0.911291778,0.411761045,0,0,0,1],"scale":1,"type":"italy_rockface_boulder_1"}
{"pos":[-135.320923,776.637634,56],"rotationMatrix":[0.917642534,0.397406936,0,-0.397406936,0.917642534,0,0,0,1],"scale":1.13633704,"type":"italy_rockface_boulder_1"}
{"pos":[-130.951874,783.224365,56.0533905],"rotationMatrix":[-0.996708035,-0.081073761,0,0.081073761,-0.996708035,0,0,0,1],"scale":1,"type":"italy_rockface_boulder_1"}
{"pos":[-147.358932,785.794128,55.800766],"rotationMatrix":[0.0608570352,0.998146474,0,-0.998146474,0.0608570352,0,0,0,1],"scale":1,"type":"italy_rockface_boulder_1"}
{"pos":[-129.472839,785.352356,55.7843246],"rotationMatrix":[0.795123994,-0.606446922,0,0.606446922,0.795123994,0,0,0,1],"scale":1,"type":"italy_rockface_boulder_1"}
{"pos":[-127.992111,790.022034,54.933094],"rotationMatrix":[-0.999130428,0.0416928902,0,-0.0416928902,-0.999130428,0,0,0,1],"scale":1,"type":"italy_rockface_boulder_1"}
{"pos":[-149,748,68],"rotationMatrix":[0.375688434,-0.373289853,-0.848240733,0.151167899,0.927714705,-0.341311455,0.914333642,0,0.404961169],"scale":1.62100601,"type":"italy_rockface_boulder_1"}
{"pos":[-149.051544,723.736938,74.4716034],"rotationMatrix":[0.435695291,0.900094271,0,-0.900094271,0.435695291,0,0,0,1],"scale":1,"type":"italy_rockface_boulder_1"}
{"pos":[-128.138229,730.913452,76.3564606],"rotationMatrix":[-0.960031569,-0.279891938,0,0.279891938,-0.960031569,0,0,0,1],"scale":1,"type":"italy_rockface_boulder_1"}
{"pos":[-135.855667,746.885742,68.3035583],"rotationMatrix":[0.259924859,0.965628862,0,-0.965628862,0.259924859,0,0,0,1],"scale":1,"type":"italy_rockface_boulder_1"}
{"pos":[-149,742,71],"rotationMatrix":[0.649964929,-0.759964168,0,0.759964168,0.649964929,0,0,0,1],"scale":1,"type":"italy_rockface_boulder_1"}
{"pos":[-142.324554,726.242676,74.1029816],"rotationMatrix":[-0.343147278,-0.939281583,0,0.939281583,-0.343147278,0,0,0,1],"scale":1,"type":"italy_rockface_boulder_1"}
{"pos":[-143.459259,729.427795,74.1255875],"rotationMatrix":[-0.255085677,0.966918409,0,-0.966918409,-0.255085677,0,0,0,1],"scale":1,"type":"italy_rockface_boulder_1"}
{"pos":[-134.001862,718.821472,75],"rotationMatrix":[0.992971838,-0.118350931,0,0.118350931,0.992971838,0,0,0,1],"scale":1,"type":"italy_rockface_boulder_1"}
{"pos":[-135.56192,733.934448,72.8995819],"rotationMatrix":[-0.935344219,0.353738904,0,-0.353738904,-0.935344219,0,0,0,1],"scale":1,"type":"italy_rockface_boulder_1"}
{"pos":[-146.107925,730.085999,74.3186188],"rotationMatrix":[-0.145258948,-0.989393711,0,0.989393711,-0.145258948,0,0,0,1],"scale":1,"type":"italy_rockface_boulder_1"}
{"pos":[-148.843536,721.684998,74.3900375],"rotationMatrix":[0.946750879,-0.321966857,0,0.321966857,0.946750879,0,0,0,1],"scale":1,"type":"italy_rockface_boulder_1"}
{"pos":[-143.808578,732.366882,73.4096069],"rotationMatrix":[-0.974686444,-0.223576084,0,0.223576084,-0.974686444,0,0,0,1],"scale":1,"type":"italy_rockface_boulder_1"}
{"pos":[-154.437729,707.948486,79.5270767],"rotationMatrix":[0.627576113,0.778555274,0,-0.778555274,0.627576113,0,0,0,1],"scale":1,"type":"italy_rockface_boulder_1"}
{"pos":[-131.313034,723.851135,76.1685104],"rotationMatrix":[0.498930126,0.866642356,0,-0.866642356,0.498930126,0,0,0,1],"scale":1,"type":"italy_rockface_boulder_1"}
{"pos":[-123.799927,705.542969,86.5830383],"rotationMatrix":[0.707537234,0.706676185,0,-0.706676185,0.707537234,0,0,0,1],"scale":1,"type":"italy_rockface_boulder_1"}
{"pos":[-155.252411,710.583618,79.6607437],"rotationMatrix":[0.688462973,-0.725271463,0,0.725271463,0.688462973,0,0,0,1],"scale":1,"type":"italy_rockface_boulder_1"}
{"pos":[-148.722153,706.66925,78.4487762],"rotationMatrix":[0.44484064,0.895609796,0,-0.895609796,0.44484064,0,0,0,1],"scale":1,"type":"italy_rockface_boulder_1"}
{"pos":[-144.578506,719.075745,73.4516907],"rotationMatrix":[-0.365582347,-0.93077904,0,0.93077904,-0.365582347,0,0,0,1],"scale":1,"type":"italy_rockface_boulder_1"}
{"pos":[-125.4347,718.979858,83.7603455],"rotationMatrix":[0.808881342,0.587971985,0,-0.587971985,0.808881342,0,0,0,1],"scale":1,"type":"italy_rockface_boulder_1"}
{"pos":[-138.604996,696.775818,80.0667114],"rotationMatrix":[-0.72596395,-0.687732697,0,0.687732697,-0.72596395,0,0,0,1],"scale":1,"type":"italy_rockface_boulder_1"}
{"pos":[-127.537605,718.37854,81.4539948],"rotationMatrix":[-0.596669197,0.802487195,0,-0.802487195,-0.596669197,0,0,0,1],"scale":1,"type":"italy_rockface_boulder_1"}
{"pos":[-136.954773,712.203125,76.3945007],"rotationMatrix":[-0.438808352,0.898580611,0,-0.898580611,-0.438808352,0,0,0,1],"scale":1,"type":"italy_rockface_boulder_1"}
{"pos":[-123.171349,710.119019,85.7488708],"rotationMatrix":[0.0906690881,0.995881081,0,-0.995881081,0.0906690881,0,0,0,1],"scale":1,"type":"italy_rockface_boulder_1"}
{"pos":[-230.735275,422.661285,221.62616],"rotationMatrix":[-0.999997437,0.00223454461,0,-0.00223454461,-0.999997437,0,0,0,1],"scale":1,"type":"italy_rockface_boulder_1"}
{"pos":[-236.440826,432.476837,228.114685],"rotationMatrix":[-0.900359392,0.435146838,0,-0.435146838,-0.900359392,0,0,0,1],"scale":1,"type":"italy_rockface_boulder_1"}
{"pos":[-245.671631,440.529022,232.08194],"rotationMatrix":[0.828494728,-0.559996724,0,0.559996724,0.828494728,0,0,0,1],"scale":1,"type":"italy_rockface_boulder_1"}
{"pos":[-245.954269,417.142242,223],"rotationMatrix":[0.993835151,0.110867821,0,-0.110867821,0.993835151,0,0,0,1],"scale":1.59888935,"type":"italy_rockface_boulder_1"}
{"pos":[-241.616043,423.675842,224],"rotationMatrix":[0.327995598,0.94467932,0,-0.94467932,0.327995598,0,0,0,1],"scale":1,"type":"italy_rockface_boulder_1"}
{"pos":[-231.464432,434.765411,225.748596],"rotationMatrix":[0.619451106,-0.785035312,0,0.785035312,0.619451106,0,0,0,1],"scale":1,"type":"italy_rockface_boulder_1"}
{"pos":[-287.211975,457.269165,234.631165],"rotationMatrix":[-0.978139639,-0.207949385,0,0.207949385,-0.978139639,0,0,0,1],"scale":1,"type":"italy_rockface_boulder_1"}
{"pos":[-280.991547,444.038361,238.556519],"rotationMatrix":[-0.272789836,0.962073565,0,-0.962073565,-0.272789836,0,0,0,1],"scale":1,"type":"italy_rockface_boulder_1"}
{"pos":[-269.044647,459.506104,235.483368],"rotationMatrix":[-0.998512089,-0.0545299388,0,0.0545299388,-0.998512089,0,0,0,1],"scale":1,"type":"italy_rockface_boulder_1"}
{"pos":[-266.375732,456.113007,237],"rotationMatrix":[-0.102874413,0.994694233,0,-0.994694233,-0.102874413,0,0,0,1],"scale":1,"type":"italy_rockface_boulder_1"}
{"pos":[-247.847321,455.425568,234.527802],"rotationMatrix":[0.424338013,0.905503988,0,-0.905503988,0.424338013,0,0,0,1],"scale":1,"type":"italy_rockface_boulder_1"}
{"pos":[-262.469421,442.999084,235],"rotationMatrix":[0.762920439,-0.646492481,0,0.646492481,0.762920439,0,0,0,1],"scale":1,"type":"italy_rockface_boulder_1"}
{"pos":[-269.425049,439.895813,240.889526],"rotationMatrix":[-0.698258579,0.715845644,0,-0.715845644,-0.698258579,0,0,0,1],"scale":1,"type":"italy_rockface_boulder_1"}
{"pos":[-262.415527,449.050049,236],"rotationMatrix":[-0.969988286,0.24315162,0,-0.24315162,-0.969988286,0,0,0,1],"scale":1,"type":"italy_rockface_boulder_1"}
{"pos":[-265.072937,445.891754,236],"rotationMatrix":[0.966025114,-0.258447826,0,0.258447826,0.966025114,0,0,0,1],"scale":1.20987546,"type":"italy_rockface_boulder_1"}
{"pos":[-324.855774,435.499115,220],"rotationMatrix":[0.878338397,-0.478039384,0,0.478039384,0.878338397,0,0,0,1],"scale":1,"type":"italy_rockface_boulder_1"}
{"pos":[-331.746704,439.184418,217.607559],"rotationMatrix":[0.997506082,-0.0705798045,0,0.0705798045,0.997506082,0,0,0,1],"scale":1,"type":"italy_rockface_boulder_1"}
{"pos":[-337.181793,431.940277,216.081879],"rotationMatrix":[-0.8042593,0.594278574,0,-0.594278574,-0.8042593,0,0,0,1],"scale":1,"type":"italy_rockface_boulder_1"}
{"pos":[-304.673737,441.877136,232.042297],"rotationMatrix":[-0.46558094,-0.885005355,0,0.885005355,-0.46558094,0,0,0,1],"scale":1,"type":"italy_rockface_boulder_1"}
{"pos":[-310.632629,430.841003,229.874298],"rotationMatrix":[-0.531599224,0.84699595,0,-0.84699595,-0.531599224,0,0,0,1],"scale":1,"type":"italy_rockface_boulder_1"}
{"pos":[-306.75351,447.04834,232.619156],"rotationMatrix":[0.0496971197,0.998764336,0,-0.998764336,0.0496971197,0,0,0,1],"scale":1,"type":"italy_rockface_boulder_1"}
{"pos":[-144.963242,670.386841,88.9437408],"rotationMatrix":[-0.538569391,-0.842581213,0,0.842581213,-0.538569391,0,0,0,1],"scale":1,"type":"italy_rockface_boulder_1"}
{"pos":[-144.946472,667.336182,90.833847],"rotationMatrix":[0.669902265,-0.742449224,0,0.742449224,0.669902265,0,0,0,1],"scale":1,"type":"italy_rockface_boulder_1"}
{"pos":[-153.239822,665.09137,92.4631424],"rotationMatrix":[0.636528909,0.77125293,0,-0.77125293,0.636528909,0,0,0,1],"scale":1,"type":"italy_rockface_boulder_1"}
{"pos":[-141.67717,666.466553,90],"rotationMatrix":[-0.914899528,-0.403681755,0,0.403681755,-0.914899528,0,0,0,1],"scale":1,"type":"italy_rockface_boulder_1"}
{"pos":[-151.571198,665.610596,92.1976166],"rotationMatrix":[0.155002296,-0.987914085,0,0.987914085,0.155002296,0,0,0,1],"scale":1,"type":"italy_rockface_boulder_1"}
{"pos":[-138.416962,664.924866,92.1534729],"rotationMatrix":[0.970637381,-0.240547329,0,0.240547329,0.970637381,0,0,0,1],"scale":1,"type":"italy_rockface_boulder_1"}
{"pos":[-154.303238,671.161133,90.396286],"rotationMatrix":[-0.354892433,-0.934907198,0,0.934907198,-0.354892433,0,0,0,1],"scale":1,"type":"italy_rockface_boulder_1"}
{"pos":[-150.833496,676.029785,86.1804352],"rotationMatrix":[-0.13657178,-0.99063015,0,0.99063015,-0.13657178,0,0,0,1],"scale":1,"type":"italy_rockface_boulder_1"}
{"pos":[-153.914627,666.589905,92.6156693],"rotationMatrix":[-0.939251184,0.343230367,0,-0.343230367,-0.939251184,0,0,0,1],"scale":1,"type":"italy_rockface_boulder_1"}
{"pos":[-139,679.693359,86.3773346],"rotationMatrix":[-0.996583998,-0.0825850144,0,0.0825850144,-0.996583998,0,0,0,1],"scale":1,"type":"italy_rockface_boulder_1"}
{"pos":[-137.959702,683.250488,86.8637695],"rotationMatrix":[-0.490141571,-0.871642768,0,0.871642768,-0.490141571,0,0,0,1],"scale":1,"type":"italy_rockface_boulder_1"}
{"pos":[-148.327469,680.976624,84.9724121],"rotationMatrix":[-0.395588517,0.918427825,0,-0.918427825,-0.395588517,0,0,0,1],"scale":1,"type":"italy_rockface_boulder_1"}
{"pos":[-142.326752,683.20929,85.3126678],"rotationMatrix":[-0.0344687998,0.999405682,0,-0.999405682,-0.0344687998,0,0,0,1],"scale":1,"type":"italy_rockface_boulder_1"}
{"pos":[-143.964981,680.385986,85.8426132],"rotationMatrix":[-0.721579194,0.69233191,0,-0.69233191,-0.721579194,0,0,0,1],"scale":1,"type":"italy_rockface_boulder_1"}
{"pos":[-142.399429,677.604126,85],"rotationMatrix":[0.866545796,-0.499097437,0,0.499097437,0.866545796,0,0,0,1],"scale":1,"type":"italy_rockface_boulder_1"}
{"pos":[-138.136398,677.282593,89.0270615],"rotationMatrix":[0.971349001,-0.237657472,0,0.237657472,0.971349001,0,0,0,1],"scale":1,"type":"italy_rockface_boulder_1"}
{"pos":[-145.450577,677.954407,86.0625],"rotationMatrix":[-0.907740235,-0.419532627,0,0.419532627,-0.907740235,0,0,0,1],"scale":1,"type":"italy_rockface_boulder_1"}
{"pos":[-133.589569,677.981812,92.6427917],"rotationMatrix":[0.316286385,0.948663831,0,-0.948663831,0.316286385,0,0,0,1],"scale":1,"type":"italy_rockface_boulder_1"}
{"pos":[-153.585587,673.139038,88.560257],"rotationMatrix":[-0.755921602,0.654662013,0,-0.654662013,-0.755921602,0,0,0,1],"scale":1,"type":"italy_rockface_boulder_1"}
{"pos":[-140.954361,655.789124,93.3575287],"rotationMatrix":[0.380473316,-0.924791873,0,0.924791873,0.380473316,0,0,0,1],"scale":1,"type":"italy_rockface_boulder_1"}
{"pos":[-131.371033,652.891357,99.1322174],"rotationMatrix":[0.902573586,0.430535764,0,-0.430535764,0.902573586,0,0,0,1],"scale":1,"type":"italy_rockface_boulder_1"}
{"pos":[-133.352646,653.959778,96.7253418],"rotationMatrix":[0.574479997,0.818518698,0,-0.818518698,0.574479997,0,0,0,1],"scale":1,"type":"italy_rockface_boulder_1"}
{"pos":[-138.214478,652.124512,95],"rotationMatrix":[-0.476899803,-0.878957152,0,0.878957152,-0.476899803,0,0,0,1],"scale":1,"type":"italy_rockface_boulder_1"}
{"pos":[-134.26709,656.756653,95.4449997],"rotationMatrix":[0.987443149,-0.157974541,0,0.157974541,0.987443149,0,0,0,1],"scale":1,"type":"italy_rockface_boulder_1"}
{"pos":[-140.343979,645.511475,101.712059],"rotationMatrix":[0.558701158,-0.829368949,0,0.829368949,0.558701158,0,0,0,1],"scale":1,"type":"italy_rockface_boulder_1"}
{"pos":[-145.238068,647.550964,101.749985],"rotationMatrix":[0.997413456,0.0718767866,0,-0.0718767866,0.997413456,0,0,0,1],"scale":1,"type":"italy_rockface_boulder_1"}
{"pos":[-137.742599,644.842346,101.096222],"rotationMatrix":[-0.198799387,-0.980040193,0,0.980040193,-0.198799387,0,0,0,1],"scale":1,"type":"italy_rockface_boulder_1"}
{"pos":[-138.264282,654.8927,93.5280304],"rotationMatrix":[0.66131258,-0.750110328,0,0.750110328,0.66131258,0,0,0,1],"scale":1,"type":"italy_rockface_boulder_1"}
{"pos":[-140.994705,649.707458,98.1766205],"rotationMatrix":[-0.2754457,-0.961316586,0,0.961316586,-0.2754457,0,0,0,1],"scale":1,"type":"italy_rockface_boulder_1"}
{"pos":[-154,668,92],"rotationMatrix":[-0.354892433,-0.934907198,0,0.934907198,-0.354892433,0,0,0,1],"scale":1,"type":"italy_rockface_boulder_1"}
